Dynamics Check for SC[0]

Nb:  3   Ng:  2
Mass:  100.000000
cm:  0.000000 0.000000 0.000000
I  :  60.000000  0.000000  -0.000000 
     0.000000  232.500000  0.000000 
      -0.000000 0.000000  294.500000
PosR:  0.000000 0.000000 0.000000
VelR:  0.000000 0.000000 0.000000

Dyn Structure
-------------
Nu:  6   Nx:  7  Nf:  8
u[00]: 0.001745
u[01]: -0.001131
u[02]: 0.001745
u[03]: 0.000000
u[04]: 0.000000
u[05]: 0.000000

x[00]: 0.186738
x[01]: 0.774523
x[02]: -0.266690
x[03]: -0.542327
x[04]: 0.000000
x[05]: 0.000000
x[06]: 0.000000

[00] uf: 0.000000   xf: 0.000001
[01] uf: 0.000000   xf: 0.000001
[02] uf: 0.000000   xf: 0.000001
[03] uf: 0.000000   xf: 0.000001
[04] uf: 0.000000   xf: 0.000001
[05] uf: 0.000000   xf: 0.000001
[06] uf: 0.000000   xf: 0.000001
[07] uf: 0.000000   xf: 0.000001


Body Structure [00]
-------------------
Mass:  50.000000
cm:  0.000000 0.000000 0.000000
c:   0.000000 0.000000 0.000000
I:  50.000000 -0.000000 -0.000000
     -0.000000 100.000000 -0.000000
   -0.000000 -0.000000 150.000000
wn:  0.001745 -0.001131 0.001745
qn:  0.186738 0.774523 -0.266690 -0.542327
vn:  0.000000 0.000000 0.000000
pn:  0.000000 0.000000 0.000000

CN:
-0.342020 0.578533 0.740488
-0.000000 0.788011 -0.615661
-0.939693 -0.210569 -0.269516
Nf: 0   f0: 0
Mf:

Kf:

Cf:

Pf:




Hf:




Body Structure [01]
-------------------
Mass:  25.000000
cm:  0.000000 2.500000 0.000000
c:   0.000000 0.000000 0.000000
I:  10.000000 -0.000000 -0.000000
     -0.000000 5.000000 -0.000000
   -0.000000 -0.000000 16.000000
wn:  -0.001131 -0.001745 0.001745
qn:  0.679715 0.415627 -0.572061 -0.194905
vn:  -0.001595 0.001706 -0.002069
pn:  -0.513030 0.867799 1.110732

CN:
-0.000000 0.788011 -0.615661
0.342020 -0.578533 -0.740488
-0.939693 -0.210569 -0.269516
Nf: 4   f0: 0
Mf:
  1.000000  0.000000  0.000000  0.000000
  0.000000  1.000000  0.000000  0.000000
  0.000000  0.000000  1.000000  0.000000
  0.000000  0.000000  0.000000  1.000000

Kf:
  4.000000  0.000000  0.000000  0.000000
  0.000000  8.000000  0.000000  0.000000
  0.000000  0.000000  16.000000  0.000000
  0.000000  0.000000  0.000000  32.000000

Cf:
  0.012566  0.000000  0.000000  0.000000
  0.000000  0.125660  0.000000  0.000000
  0.000000  0.000000  0.012566  0.000000
  0.000000  0.000000  0.000000  0.125660

Pf:
  0.000000  0.000000  0.000000  0.000000
  0.000000  0.000000  0.000000  0.000000
  0.000000  0.000000  0.000000  0.000000

Hf:
  0.000000  0.000000  0.000000  0.000000
  0.000000  0.000000  0.000000  0.000000
  0.000000  0.000000  0.000000  0.000000

Body Structure [02]
-------------------
Mass:  25.000000
cm:  0.000000 -2.500000 0.000000
c:   0.000000 0.000000 0.000000
I:  10.000000 -0.000000 -0.000000
     -0.000000 5.000000 -0.000000
   -0.000000 -0.000000 16.000000
wn:  -0.001131 -0.001745 0.001745
qn:  0.679715 0.415627 -0.572061 -0.194905
vn:  0.001595 -0.001706 0.002069
pn:  0.513030 -0.867799 -1.110732

CN:
-0.000000 0.788011 -0.615661
0.342020 -0.578533 -0.740488
-0.939693 -0.210569 -0.269516
Nf: 4   f0: 4
Mf:
  1.000000  0.000000  0.000000  0.000000
  0.000000  1.000000  0.000000  0.000000
  0.000000  0.000000  1.000000  0.000000
  0.000000  0.000000  0.000000  1.000000

Kf:
  4.000000  0.000000  0.000000  0.000000
  0.000000  8.000000  0.000000  0.000000
  0.000000  0.000000  16.000000  0.000000
  0.000000  0.000000  0.000000  32.000000

Cf:
  0.012566  0.000000  0.000000  0.000000
  0.000000  0.125660  0.000000  0.000000
  0.000000  0.000000  0.012566  0.000000
  0.000000  0.000000  0.000000  0.125660

Pf:
  0.000000  0.000000  0.000000  0.000000
  0.000000  0.000000  0.000000  0.000000
  0.000000  0.000000  0.000000  0.000000

Hf:
  0.000000  0.000000  0.000000  0.000000
  0.000000  0.000000  0.000000  0.000000
  0.000000  0.000000  0.000000  0.000000


Joint Structure [00]
---------------
Rotu0: 3   Rotx0: 4
Trnu0: 3   Trnx0: 4
ang:  0.000000 0.000000 0.000000
rate:  0.000000 0.000000 0.000000
COI:
0.000000 1.000000 0.000000
-1.000000 0.000000 0.000000
0.000000 0.000000 1.000000
SpringCoef: 0.000000 0.000000 0.000000
DampCoef: 0.000000 0.000000 0.000000
PSIi:



THETAi:



PSIo:
 0.000000 0.000000 0.000000 0.000000
 0.000000 0.000000 0.000000 0.000000
 0.000000 0.000000 0.000000 0.000000
THETAo:
 0.000000 0.000000 0.000000 0.000000
 0.000000 0.000000 0.000000 0.000000
 0.000000 0.000000 0.000000 0.000000


Joint Structure [01]
---------------
Rotu0: 3   Rotx0: 4
Trnu0: 3   Trnx0: 4
ang:  0.000000 0.000000 0.000000
rate:  0.000000 0.000000 0.000000
COI:
0.000000 1.000000 0.000000
-1.000000 0.000000 0.000000
0.000000 0.000000 1.000000
SpringCoef: 0.000000 0.000000 0.000000
DampCoef: 0.000000 0.000000 0.000000
PSIi:



THETAi:



PSIo:
 0.000000 0.000000 0.000000 0.000000
 0.000000 0.000000 0.000000 0.000000
 0.000000 0.000000 0.000000 0.000000
THETAo:
 0.000000 0.000000 0.000000 0.000000
 0.000000 0.000000 0.000000 0.000000
 0.000000 0.000000 0.000000 0.000000


