765806469.184000
765806479.184000
765806489.184000
765806499.184000
765806509.184000
765806519.184000
765806529.184000
765806539.184000
765806549.184000
765806559.184000
765806569.184000
765806579.184000
765806589.184000
765806599.184000
765806609.184000
765806619.184000
765806629.184000
765806639.184000
765806649.184000
765806659.184000
765806669.184000
765806679.184000
765806689.184000
765806699.184000
765806709.184000
765806719.184000
765806729.184000
765806739.184000
765806749.184000
765806759.184000
765806769.184000
765806779.184000
765806789.184000
765806799.184000
765806809.184000
765806819.184000
765806829.184000
765806839.184000
765806849.184000
765806859.184000
765806869.184000
765806879.184000
765806889.184000
765806899.184000
765806909.184000
765806919.184000
765806929.184000
765806939.184000
765806949.184000
765806959.184000
765806969.184000
765806979.184000
765806989.184000
765806999.184000
765807009.184000
765807019.184000
765807029.184000
765807039.184000
765807049.184000
765807059.184000
765807069.184000
765807079.184000
765807089.184000
765807099.184000
765807109.184000
765807119.184000
765807129.184000
765807139.184000
765807149.184000
765807159.184000
765807169.184000
765807179.184000
765807189.184000
765807199.184000
765807209.184000
765807219.184000
765807229.184000
765807239.184000
765807249.184000
765807259.184000
765807269.184000
765807279.184000
765807289.184000
765807299.184000
765807309.184000
765807319.184000
765807329.184000
765807339.184000
765807349.184000
765807359.184000
765807369.184000
765807379.184000
765807389.184000
765807399.184000
765807409.184000
765807419.184000
765807429.184000
765807439.184000
765807449.184000
765807459.184000
765807469.184000
