1.047197551197e-01 -2.630422674827e-01 5.139994647123e-01
-9.778733435702e-03 -2.630815678244e-01 -4.727965107611e-02
-1.049375648219e-03 -2.630596814534e-01 -4.923938431697e-03
-8.163835722270e-05 -2.630498995051e-01 -3.195633828708e-04
-1.064636421907e-05 -2.630517397784e-01 4.323730243735e-05
2.274997889018e-06 -2.630422599339e-01 1.082218727923e-05
4.505738658983e-07 -2.630418273948e-01 -2.225956800050e-06
-9.771533121539e-08 -2.630422673968e-01 -4.646701090780e-07
-1.905310667571e-08 -2.630422866664e-01 9.973319764489e-08
4.343151435715e-09 -2.630422674107e-01 1.975693079276e-08
8.034972132087e-10 -2.630422666621e-01 -4.648915544192e-09
-2.536656301677e-10 -2.630422675420e-01 -6.080390357877e-10
3.063464759645e-11 -2.630422675103e-01 2.440557131389e-10
-1.222286161173e-12 -2.630422675028e-01 -5.803384162117e-11
-8.278100427361e-13 -2.630422675026e-01 1.093141549502e-11
3.571726248097e-13 -2.630422675026e-01 -1.938241234178e-12
-6.844524946814e-14 -2.630422675025e-01 3.635008960501e-13
-5.445643935786e-14 -2.630422675026e-01 -2.019634459671e-13
9.589551375200e-15 -2.630422675026e-01 -6.011857678345e-14
-2.504940699311e-14 -2.630422675027e-01 -2.032818358089e-13
1.701416785238e-14 -2.630422675026e-01 -1.336986077405e-13
-1.835272882015e-02 -2.528081702191e-01 2.458936490905e+00
-1.388581318947e-02 -2.595945155836e-01 2.564767074712e+00
-8.424251311417e-03 -2.673130243366e-01 2.568785624506e+00
-1.039798424550e-02 -2.652574494658e-01 1.627511750147e+00
-2.177845978044e-02 -2.499802942010e-01 1.514423293857e-01
-2.314053518920e-02 -2.477140279725e-01 1.023777146710e-02
-2.328216069834e-02 -2.476877255932e-01 5.855954597993e-04
-2.323123581785e-02 -2.472534388763e-01 -2.042795070588e-04
-2.321426709642e-02 -2.471658154282e-01 5.836488114891e-06
-2.321683112814e-02 -2.471803851489e-01 1.575020728423e-06
-5.071543772466e-03 -2.619299343536e-01 -2.459159807758e+00
-9.867754194969e-03 -2.623794096581e-01 -2.565007805378e+00
-1.567927315591e-02 -2.623627948419e-01 -2.569034315941e+00
-1.363579219544e-02 -2.630170064114e-01 -1.626965765380e+00
-1.597291111354e-03 -2.637450565566e-01 -1.513780805980e-01
-1.183171771077e-04 -2.634071480641e-01 -1.023316393523e-02
1.793137729478e-05 -2.636718939990e-01 -6.568580342009e-04
6.935961132548e-06 -2.631145254247e-01 2.068222923763e-04
-1.019443404096e-06 -2.630096227889e-01 2.181686214045e-05
-3.461364550816e-07 -2.630388990739e-01 -8.608975625310e-06
1.598567289651e-08 1.678382017393e+00 -7.603263187939e-07
2.592488623776e-08 1.762139520940e+00 -3.043410091719e-07
2.428026590895e-08 1.765741156071e+00 -2.755670173160e-07
1.407798994046e-08 1.022932041058e+00 -1.733727497399e-07
6.962785625841e-10 -1.432653416843e-01 -1.571898209513e-08
-1.857637932368e-10 -2.550525987060e-01 -8.814223656506e-10
-1.296913965110e-10 -2.625718704701e-01 4.121344931995e-11
-8.026915243597e-11 -2.630162978872e-01 6.462441692889e-11
-5.422305660030e-11 -2.630408876916e-01 4.934737340978e-11
-3.899051914669e-11 -2.630421959673e-01 3.814862314933e-11
-4.720079882503e-11 -2.204466404670e+00 9.037159909298e-11
-4.681188769950e-11 -2.288224049554e+00 9.528255962010e-11
-4.671929509925e-11 -2.291825690764e+00 1.008133576619e-10
-2.967209811189e-11 -1.549018155378e+00 6.837141963700e-11
-2.951278110785e-12 -3.828193554042e-01 8.302858400810e-12
-2.748079541703e-13 -2.710319474071e-01 1.385905279427e-12
-6.003531005661e-14 -2.635126651974e-01 5.336148189983e-13
-2.693678613497e-14 -2.630682371549e-01 3.194389197603e-13
-2.026157019941e-14 -2.630436473142e-01 2.215450045639e-13
-1.353084311262e-14 -2.630423390175e-01 1.676436767184e-13
5.010689432354e-01 -2.498078093988e-01 1.009252718320e-01
5.226081520525e-01 -2.580837743862e-01 7.759533674893e-02
5.233297407049e-01 -2.694672835810e-01 4.356993154994e-02
3.314907503960e-01 -2.689754138482e-01 4.569505557142e-02
3.105980997614e-02 -2.505483059051e-01 1.018069555408e-01
2.435204888813e-03 -2.492370161886e-01 1.060249495686e-01
-4.920823269295e-04 -2.476185107436e-01 1.122679279195e-01
-5.185475488758e-05 -2.470575745460e-01 1.144226591866e-01
-5.451004209830e-06 -2.471586222355e-01 1.140330318682e-01
-1.231336056583e-06 -2.471851768761e-01 1.139325352432e-01
-5.009896788366e-01 -2.627521354953e-01 1.368814635527e-02
-5.225225213203e-01 -2.641045941692e-01 3.915921880783e-02
-5.232403953429e-01 -2.650761776741e-01 7.585413556295e-02
-3.319611339881e-01 -2.646643449753e-01 7.363473030541e-02
-3.111895589043e-02 -2.625564366291e-01 1.293984145657e-02
-2.406977607375e-03 -2.622981010321e-01 8.079928680233e-03
4.574031372943e-04 -2.628487953788e-01 1.850342635789e-03
8.237999460131e-05 -2.630847719036e-01 -4.589486263720e-04
-1.971502782376e-05 -2.630507801006e-01 -8.268702466095e-05
-3.459386744294e-06 -2.630404232182e-01 2.035129975685e-05
8.743990911678e-07 -2.630419100752e-01 3.505106052779e-06
1.462725046086e-07 -2.630423473917e-01 -9.013487067555e-07
-3.871169840242e-08 -2.630422824764e-01 -1.482525982394e-07
-6.175732737701e-09 -2.630422640262e-01 3.992886248028e-08
1.740502304781e-09 -2.630422668864e-01 6.242355216068e-09
2.293876893988e-10 -2.630422676464e-01 -2.088783840337e-09
-9.312752999313e-11 -2.630422675069e-01 1.205231747736e-10
1.966328835867e-11 -2.630422675018e-01 2.576050484038e-11
-3.357147893013e-12 -2.630422675025e-01 -1.394860615900e-11
3.674456572345e-13 -2.630422675026e-01 4.203706827077e-12
-9.811942924820e-14 -2.630422675025e-01 -8.999745393368e-13
-4.075559334460e-14 -2.630422675025e-01 3.056166431037e-13
-5.226721833118e-14 -2.630422675026e-01 5.231926003546e-14
-1.942543348399e-14 -2.630422675026e-01 1.409150574005e-13
-1.926583892420e-14 -2.630422675026e-01 9.930944955272e-14
-4.855491009259e-14 -2.630422675026e-01 1.183775300007e-13
-2.347774752387e-14 -2.630422675027e-01 4.291011990176e-14
-4.965125532941e-14 -2.630422675026e-01 8.629208458899e-14
-1.983482822432e-14 -2.630422675026e-01 7.918665723139e-14
-4.198030811864e-14 -2.630422675026e-01 8.154588115872e-14
