-5.188177697363e-01 -2.549285100126e-01 1.009578521361e-01
4.780922331123e-02 -2.025013906937e-01 1.680784498261e-01
4.979886701698e-03 -2.067814682556e-01 1.626110927330e-01
3.282323711479e-04 -2.072586591335e-01 1.619848724200e-01
-3.572746920182e-05 -2.073040413225e-01 1.619297778612e-01
-1.089808864592e-05 -2.072814872533e-01 1.619432479504e-01
1.847830143146e-06 -2.072789727672e-01 1.619457637900e-01
4.657101006404e-07 -2.072800706137e-01 1.619450732921e-01
-8.192788936798e-08 -2.072801876076e-01 1.619449548460e-01
-1.978026875692e-08 -2.072801382955e-01 1.619449866862e-01
3.794258229531e-09 -2.072801330502e-01 1.619449921839e-01
6.607413046480e-10 -2.072801354446e-01 1.619449905484e-01
-2.309055520445e-10 -2.072801355048e-01 1.619449904198e-01
5.172071196274e-11 -2.072801354289e-01 1.619449905048e-01
-9.151041045040e-12 -2.072801354489e-01 1.619449904789e-01
1.512159040937e-12 -2.072801354443e-01 1.619449904846e-01
-2.712422715469e-13 -2.072801354452e-01 1.619449904834e-01
2.095120366270e-13 -2.072801354451e-01 1.619449904837e-01
5.548937894706e-14 -2.072801354451e-01 1.619449904837e-01
1.947040483882e-13 -2.072801354452e-01 1.619449904838e-01
1.126987566604e-13 -2.072801354451e-01 1.619449904837e-01
-2.047041502644e+00 -1.034883281956e+00 -9.215503996365e-01
-2.134755724496e+00 -1.072796121867e+00 -9.682658485658e-01
-2.138445034210e+00 -1.077383060065e+00 -9.677217488556e-01
-1.367848203417e+00 -7.446429735586e-01 -5.419983983170e-01
-1.603585109965e-01 -2.140643251580e-01 1.198367246491e-01
-4.594597911107e-02 -1.624407500877e-01 1.830423604040e-01
-3.871727042042e-02 -1.592129207989e-01 1.871999737185e-01
-3.859236738464e-02 -1.588981952160e-01 1.869117112988e-01
-3.930441000052e-02 -1.591877120970e-01 1.863981711793e-01
-3.985317373173e-02 -1.594719404755e-01 1.860580253495e-01
1.837304325853e+00 8.129245354341e-01 1.442070208086e+00
1.916694861142e+00 8.540956842922e-01 1.498334655603e+00
1.918814725802e+00 8.526727232220e-01 1.503368440312e+00
1.213503877393e+00 4.612449541109e-01 1.015402833395e+00
1.120354693453e-01 -1.451245142111e-01 2.426236972474e-01
7.503309284920e-03 -2.032829397644e-01 1.676538220407e-01
4.604215642691e-04 -2.074883089119e-01 1.627012266269e-01
-1.514530950512e-04 -2.074238911457e-01 1.618783579018e-01
-1.464108452821e-05 -2.072643567306e-01 1.619121625179e-01
6.211353241244e-06 -2.072738044304e-01 1.619476225779e-01
5.986609154324e-07 1.322583383028e+00 -1.033314759038e+00
2.554329468545e-07 1.388585007507e+00 -1.084881269164e+00
2.319582735771e-07 1.391423118834e+00 -1.087098677499e+00
1.452172335217e-07 8.060815081354e-01 -6.297797733052e-01
1.336923398851e-08 -1.128946247415e-01 8.820295818396e-02
8.793438993016e-10 -2.009841903376e-01 1.570260594328e-01
4.796389958625e-11 -2.069094576024e-01 1.616553850536e-01
-2.347210022243e-13 -2.072596711686e-01 1.619290019156e-01
-2.530156250234e-12 -2.072790481810e-01 1.619441409336e-01
-2.343871598366e-12 -2.072800791053e-01 1.619449464028e-01
1.348621042424e-11 -1.737143232887e+00 1.357205038952e+00
2.480635043082e-12 -1.803145157759e+00 1.408771394162e+00
-9.357086270499e-12 -1.805983289772e+00 1.410988785891e+00
-1.296058206031e-11 -1.220642964014e+00 9.536708027908e-01
-2.102582152317e-12 -3.016657687525e-01 2.356871291247e-01
-4.808062671952e-13 -2.135760891285e-01 1.668639286000e-01
-1.912779801706e-13 -2.076508138874e-01 1.622345962221e-01
-1.025097962638e-13 -2.073005998105e-01 1.619609789979e-01
-5.541414738401e-14 -2.072812227516e-01 1.619458399804e-01
-3.231139441722e-14 -2.072801917997e-01 1.619450345126e-01
-4.757612323401e-01 -8.912251316264e-02 2.989454222025e-01
-4.737163870366e-01 -6.872531698155e-02 3.414925576599e-01
-4.480937827327e-01 -4.452774445520e-02 3.815943071013e-01
-2.713104851374e-01 -9.135784980367e-02 3.199473283064e-01
-3.247125309751e-02 -2.096703521348e-01 1.705514079159e-01
-8.792322958725e-03 -2.203089074039e-01 1.573308322229e-01
-8.858242511256e-03 -2.252029957238e-01 1.520670868527e-01
-1.001461340092e-02 -2.265444299131e-01 1.506894872198e-01
-9.652872800859e-03 -2.263472481538e-01 1.508796282869e-01
-9.381401330932e-03 -2.263473594075e-01 1.508641655730e-01
4.832979915236e-01 -2.915665578325e-01 4.035718153948e-02
4.865844066463e-01 -3.278026248311e-01 9.773470641221e-03
4.664415455068e-01 -3.627086834180e-01 -2.596992047268e-02
2.828838006061e-01 -3.246200976541e-01 1.631045801604e-02
2.455600522263e-02 -2.210513130836e-01 1.435445259128e-01
-5.615916427407e-04 -2.118792663709e-01 1.548490674518e-01
-1.070078134036e-03 -2.081075053892e-01 1.605716144001e-01
7.280097387415e-05 -2.070297031355e-01 1.623345660896e-01
4.549971546426e-05 -2.072422689150e-01 1.620072839168e-01
-2.951584652825e-06 -2.072912782205e-01 1.619277327636e-01
-1.896342738197e-06 -2.072817627297e-01 1.619423270956e-01
1.169526885982e-07 -2.072796400445e-01 1.619457543289e-01
7.890968604334e-08 -2.072800656939e-01 1.619451040827e-01
-4.568743308616e-09 -2.072801574576e-01 1.619449566624e-01
-3.303888691770e-09 -2.072801384215e-01 1.619449856733e-01
2.856145665027e-10 -2.072801342746e-01 1.619449922155e-01
6.362782723097e-11 -2.072801355341e-01 1.619449903768e-01
-2.517191207797e-11 -2.072801354573e-01 1.619449904668e-01
6.303079239539e-12 -2.072801354370e-01 1.619449904939e-01
-1.194389588807e-12 -2.072801354476e-01 1.619449904805e-01
2.830874536538e-13 -2.072801354445e-01 1.619449904843e-01
3.475910332087e-18 -2.072801354452e-01 1.619449904834e-01
5.633977166348e-14 -2.072801354451e-01 1.619449904837e-01
9.747780902288e-15 -2.072801354452e-01 1.619449904836e-01
1.644777566179e-14 -2.072801354452e-01 1.619449904837e-01
4.312787310524e-14 -2.072801354452e-01 1.619449904836e-01
2.794771033078e-14 -2.072801354452e-01 1.619449904837e-01
4.874299870299e-14 -2.072801354452e-01 1.619449904836e-01
1.999130344838e-14 -2.072801354451e-01 1.619449904836e-01
4.184502169016e-14 -2.072801354452e-01 1.619449904837e-01
