6.887327302976e-04
1.534348710720e-04
1.488683957810e-04
1.488072173709e-04
1.488090746571e-04
1.487983454272e-04
1.487978558363e-04
1.487983536289e-04
1.487983754295e-04
1.487983536443e-04
1.487983527973e-04
1.487983537928e-04
1.487983537570e-04
1.487983537484e-04
1.487983537482e-04
1.487983537481e-04
1.487983537481e-04
1.487983537482e-04
1.487983537482e-04
1.487983537483e-04
1.487983537482e-04
1.040573356086e-02
1.131466272945e-02
1.135741795093e-02
4.649320477850e-03
1.772784293393e-04
1.366021244548e-04
1.364515242768e-04
1.359690235737e-04
1.358692179696e-04
1.358856992234e-04
1.041510318020e-02
1.131909007561e-02
1.135540579225e-02
4.644406841552e-03
1.885212602050e-04
1.493893585409e-04
1.495122786220e-04
1.488801880559e-04
1.487614237835e-04
1.487945429785e-04
6.057991820017e-03
6.677711163994e-03
6.705036194074e-03
2.250300990585e-03
4.413969489878e-05
1.398964045305e-04
1.482666390584e-04
1.487689740953e-04
1.487967926829e-04
1.487982728157e-04
1.045090780499e-02
1.126014903432e-02
1.129562364913e-02
5.160123109014e-03
3.151627072518e-04
1.579748742264e-04
1.493310209020e-04
1.488277363436e-04
1.487999148223e-04
1.487984346577e-04
2.243746306855e-03
2.429457842136e-03
2.441662630947e-03
1.074849312004e-03
1.606351292763e-04
1.527242417833e-04
1.532612057625e-04
1.534917747223e-04
1.534480242111e-04
1.534373583016e-04
2.240377216423e-03
2.427854341209e-03
2.442381450311e-03
1.078163018180e-03
1.566033988769e-04
1.481167414238e-04
1.485871030646e-04
1.488468597741e-04
1.488079996031e-04
1.487962680004e-04
1.487979493950e-04
1.487984441334e-04
1.487983706891e-04
1.487983498151e-04
1.487983530511e-04
1.487983539109e-04
1.487983537531e-04
1.487983537473e-04
1.487983537481e-04
1.487983537481e-04
1.487983537481e-04
1.487983537481e-04
1.487983537482e-04
1.487983537482e-04
1.487983537482e-04
1.487983537482e-04
1.487983537483e-04
1.487983537482e-04
1.487983537482e-04
1.487983537482e-04
