4.000000e-08 4.000000e-08 4.000000e-08 1.000000e+00 2.300000e-07 2.300000e-07 2.000000e+00 3.000000e-07 3.000000e-07 3.000000e+00 3.300000e-07 3.300000e-07 4.000000e+00 3.800000e-07 3.800000e-07 5.000001e+00 6.700000e-07 6.700000e-07
-2.391875e-09 -2.391875e-09 -2.391875e-09 1.000000e+00 -3.807728e-08 -3.807728e-08 2.000000e+00 -2.964870e-09 -2.964870e-09 3.000000e+00 -2.117549e-08 -2.117549e-08 4.000000e+00 1.579970e-08 1.579970e-08 5.000000e+00 -4.086912e-08 -4.086912e-08
-1.155814e-09 -1.155814e-09 -1.155814e-09 1.000000e+00 7.632217e-09 7.632217e-09 2.000000e+00 8.068604e-09 8.068604e-09 3.000000e+00 -4.992875e-08 -4.992875e-08 4.000000e+00 -9.456855e-08 -9.456855e-08 5.000000e+00 -5.835392e-08 -5.835392e-08
-1.146489e-09 -1.146489e-09 -1.146489e-09 1.000000e+00 4.359541e-09 4.359541e-09 2.000000e+00 -5.575500e-08 -5.575500e-08 3.000000e+00 -5.472486e-08 -5.472486e-08 4.000000e+00 -5.505551e-08 -5.505551e-08 5.000000e+00 -8.158217e-08 -8.158217e-08
-6.851878e-09 -6.851878e-09 -6.851878e-09 1.000000e+00 -3.852793e-08 -3.852793e-08 2.000000e+00 -6.063103e-09 -6.063103e-09 3.000000e+00 -6.248027e-08 -6.248027e-08 4.000000e+00 -1.004940e-07 -1.004940e-07 5.000000e+00 -1.089755e-07 -1.089755e-07
9.830696e-09 9.830696e-09 9.830696e-09 1.000000e+00 4.511849e-08 4.511849e-08 2.000000e+00 5.563541e-08 5.563541e-08 3.000000e+00 1.083461e-07 1.083461e-07 4.000000e+00 1.574144e-07 1.574144e-07 5.000000e+00 1.888653e-07 1.888653e-07
8.306665e-09 8.306665e-09 8.306665e-09 1.000000e+00 3.887239e-08 3.887239e-08 2.000000e+00 5.389519e-08 5.389519e-08 3.000000e+00 9.353234e-08 9.353234e-08 4.000000e+00 1.295929e-07 1.295929e-07 5.000000e+00 1.637997e-07 1.637997e-07
-7.192976e-09 -7.192976e-09 -7.192976e-09 1.000000e+00 -4.102622e-08 -4.102622e-08 2.000000e+00 -2.238237e-08 -2.238237e-08 3.000000e+00 -6.428338e-08 -6.428338e-08 4.000000e+00 -9.331966e-08 -9.331966e-08 5.000000e+00 -1.173810e-07 -1.173810e-07
-3.041741e-10 -3.041741e-10 -3.041741e-10 1.000000e+00 1.003439e-08 1.003439e-08 2.000000e+00 -3.494094e-08 -3.494094e-08 3.000000e+00 -3.217729e-08 -3.217729e-08 4.000000e+00 -4.007736e-08 -4.007736e-08 5.000000e+00 -4.583774e-08 -4.583774e-08
-5.019082e-09 -5.019082e-09 -5.019082e-09 1.000000e+00 -2.338293e-08 -2.338293e-08 2.000000e+00 -3.068907e-08 -3.068907e-08 3.000000e+00 -5.738211e-08 -5.738211e-08 4.000000e+00 -8.059577e-08 -8.059577e-08 5.000000e+00 -9.942233e-08 -9.942233e-08
-1.948165e-10 -1.948165e-10 -1.948165e-10 1.000000e+00 -6.309780e-09 -6.309780e-09 2.000000e+00 1.538731e-08 1.538731e-08 3.000000e+00 1.126708e-08 1.126708e-08 4.000000e+00 1.284396e-08 1.284396e-08 5.000000e+00 1.513765e-08 1.513765e-08
9.925853e-09 9.925853e-09 9.925853e-09 1.000000e+00 4.954069e-08 4.954069e-08 2.000000e+00 4.976499e-08 4.976499e-08 3.000000e+00 1.043292e-07 1.043292e-07 4.000000e+00 1.491050e-07 1.491050e-07 5.000000e+00 1.837748e-07 1.837748e-07
-2.137399e-09 -2.137399e-09 -2.137399e-09 1.000000e+00 -1.592306e-08 -1.592306e-08 2.000000e+00 5.121947e-09 5.121947e-09 3.000000e+00 -9.359904e-09 -9.359904e-09 4.000000e+00 -1.642108e-08 -1.642108e-08 5.000000e+00 -2.119644e-08 -2.119644e-08
-2.929592e-09 -2.929592e-09 -2.929592e-09 1.000000e+00 -1.116006e-08 -1.116006e-08 2.000000e+00 -2.514871e-08 -2.514871e-08 3.000000e+00 -3.951271e-08 -3.951271e-08 4.000000e+00 -5.442124e-08 -5.442124e-08 5.000000e+00 -6.645153e-08 -6.645153e-08
-9.209039e-10 -9.209039e-10 -9.209039e-10 1.000000e+00 2.139986e-09 2.139986e-09 2.000000e+00 -2.480939e-08 -2.480939e-08 3.000000e+00 -2.653279e-08 -2.653279e-08 4.000000e+00 -3.406642e-08 -3.406642e-08 5.000000e+00 -4.063696e-08 -4.063696e-08
-3.996641e-09 -3.996641e-09 -3.996641e-09 1.000000e+00 -2.377402e-08 -2.377402e-08 2.000000e+00 -8.621309e-09 -8.621309e-09 3.000000e+00 -3.249682e-08 -3.249682e-08 4.000000e+00 -4.858099e-08 -4.858099e-08 5.000000e+00 -6.068316e-08 -6.068316e-08
5.611494e-09 5.611494e-09 5.611494e-09 1.000000e+00 2.707017e-08 2.707017e-08 2.000000e+00 3.102752e-08 3.102752e-08 3.000000e+00 6.138839e-08 6.138839e-08 4.000000e+00 8.712884e-08 8.712884e-08 5.000000e+00 1.072698e-07 1.072698e-07
3.159524e-09 3.159524e-09 3.159524e-09 1.000000e+00 1.371364e-08 1.371364e-08 2.000000e+00 2.204654e-08 2.204654e-08 3.000000e+00 3.838236e-08 3.838236e-08 4.000000e+00 5.364372e-08 5.364372e-08 5.000000e+00 6.574138e-08 6.574138e-08
-3.612254e-09 -3.612254e-09 -3.612254e-09 1.000000e+00 -1.987274e-08 -1.987274e-08 2.000000e+00 -1.262454e-08 -1.262454e-08 3.000000e+00 -3.340014e-08 -3.340014e-08 4.000000e+00 -4.875095e-08 -4.875095e-08 5.000000e+00 -6.048609e-08 -6.048609e-08
-7.946350e-11 -7.946350e-11 -7.946350e-11 1.000000e+00 5.527186e-09 5.527186e-09 2.000000e+00 -1.817169e-08 -1.817169e-08 3.000000e+00 -1.564636e-08 -1.564636e-08 4.000000e+00 -1.896576e-08 -1.896576e-08 5.000000e+00 -2.220690e-08 -2.220690e-08
-2.776315e-09 -2.776315e-09 -2.776315e-09 1.000000e+00 -1.364290e-08 -1.364290e-08 2.000000e+00 -1.459694e-08 -1.459694e-08 3.000000e+00 -2.974804e-08 -2.974804e-08 4.000000e+00 -4.236119e-08 -4.236119e-08 5.000000e+00 -5.219706e-08 -5.219706e-08
5.038005e-10 5.038005e-10 5.038005e-10 1.000000e+00 3.894996e-11 3.894996e-11 2.000000e+00 9.958915e-09 9.958915e-09 3.000000e+00 1.148983e-08 1.148983e-08 4.000000e+00 1.499708e-08 1.499708e-08 5.000000e+00 1.800019e-08 1.800019e-08
4.829957e-09 4.829957e-09 4.829957e-09 1.000000e+00 2.403335e-08 2.403335e-08 2.000000e+00 2.449929e-08 2.449929e-08 3.000000e+00 5.100564e-08 5.100564e-08 4.000000e+00 7.279855e-08 7.279855e-08 5.000000e+00 8.976178e-08 8.976178e-08
-1.500268e-09 -1.500268e-09 -1.500268e-09 1.000000e+00 -1.016224e-08 -1.016224e-08 2.000000e+00 4.812867e-10 4.812867e-10 3.000000e+00 -9.100623e-09 -9.100623e-09 4.000000e+00 -1.452134e-08 -1.452134e-08 5.000000e+00 -1.844189e-08 -1.844189e-08
-1.208626e-09 -1.208626e-09 -1.208626e-09 1.000000e+00 -3.779207e-09 -3.779207e-09 2.000000e+00 -1.283484e-08 -1.283484e-08 3.000000e+00 -1.835037e-08 -1.835037e-08 4.000000e+00 -2.492118e-08 -2.492118e-08 5.000000e+00 -3.028328e-08 -3.028328e-08
-6.688835e-10 -6.688835e-10 -6.688835e-10 1.000000e+00 -3.275808e-10 -3.275808e-10 2.000000e+00 -1.239495e-08 -1.239495e-08 3.000000e+00 -1.456538e-08 -1.456538e-08 4.000000e+00 -1.908377e-08 -1.908377e-08 5.000000e+00 -2.293330e-08 -2.293330e-08
-1.817384e-09 -1.817384e-09 -1.817384e-09 1.000000e+00 -1.114120e-08 -1.114120e-08 2.000000e+00 -2.924074e-09 -2.924074e-09 3.000000e+00 -1.394684e-08 -1.394684e-08 4.000000e+00 -2.109794e-08 -2.109794e-08 5.000000e+00 -2.643163e-08 -2.643163e-08
3.105483e-09 3.105483e-09 3.105483e-09 1.000000e+00 1.520079e-08 1.520079e-08 2.000000e+00 1.650728e-08 1.650728e-08 3.000000e+00 3.342412e-08 3.342412e-08 4.000000e+00 4.756211e-08 4.756211e-08 5.000000e+00 5.859461e-08 5.859461e-08
1.177991e-09 1.177991e-09 1.177991e-09 1.000000e+00 4.645707e-09 4.645707e-09 2.000000e+00 9.622704e-09 9.622704e-09 3.000000e+00 1.547953e-08 1.547953e-08 4.000000e+00 2.140261e-08 2.140261e-08 5.000000e+00 2.614770e-08 2.614770e-08
-1.768791e-09 -1.768791e-09 -1.768791e-09 1.000000e+00 -9.442890e-09 -9.442890e-09 2.000000e+00 -7.047158e-09 -7.047158e-09 3.000000e+00 -1.707498e-08 -1.707498e-08 4.000000e+00 -2.473507e-08 -2.473507e-08 5.000000e+00 -3.062637e-08 -3.062637e-08
-4.433844e-12 -4.433844e-12 -4.433844e-12 1.000000e+00 3.006456e-09 3.006456e-09 2.000000e+00 -9.108043e-09 -9.108043e-09 3.000000e+00 -7.618118e-09 -7.618118e-09 4.000000e+00 -9.152384e-09 -9.152384e-09 5.000000e+00 -1.068221e-08 -1.068221e-08
-1.496712e-09 -1.496712e-09 -1.496712e-09 1.000000e+00 -7.686751e-09 -7.686751e-09 2.000000e+00 -6.873995e-09 -6.873995e-09 3.000000e+00 -1.520751e-08 -1.520751e-08 4.000000e+00 -2.184112e-08 -2.184112e-08 5.000000e+00 -2.697802e-08 -2.697802e-08
5.727112e-10 5.727112e-10 5.727112e-10 1.000000e+00 1.753024e-09 1.753024e-09 2.000000e+00 6.195153e-09 6.195153e-09 3.000000e+00 8.789798e-09 8.789798e-09 4.000000e+00 1.192226e-08 1.192226e-08 5.000000e+00 1.448202e-08 1.448202e-08
2.302017e-09 2.302017e-09 2.302017e-09 1.000000e+00 1.138090e-08 1.138090e-08 2.000000e+00 1.189765e-08 1.189765e-08 3.000000e+00 2.449415e-08 2.449415e-08 4.000000e+00 3.491782e-08 3.491782e-08 5.000000e+00 4.303947e-08 4.303947e-08
-9.339817e-10 -9.339817e-10 -9.339817e-10 1.000000e+00 -5.983251e-09 -5.983251e-09 2.000000e+00 -7.298799e-10 -7.298799e-10 3.000000e+00 -6.523451e-09 -6.523451e-09 4.000000e+00 -1.006970e-08 -1.006970e-08 5.000000e+00 -1.268196e-08 -1.268196e-08
-4.772942e-10 -4.772942e-10 -4.772942e-10 1.000000e+00 -1.010480e-09 -1.010480e-09 2.000000e+00 -6.514442e-09 -6.514442e-09 3.000000e+00 -8.451565e-09 -8.451565e-09 4.000000e+00 -1.128738e-08 -1.128738e-08 5.000000e+00 -1.364591e-08 -1.364591e-08
-4.495443e-10 -4.495443e-10 -4.495443e-10 1.000000e+00 -9.419151e-10 -9.419151e-10 2.000000e+00 -6.165140e-09 -6.165140e-09 3.000000e+00 -7.984731e-09 -7.984731e-09 4.000000e+00 -1.066058e-08 -1.066058e-08 5.000000e+00 -1.288689e-08 -1.288689e-08
-7.881878e-10 -7.881878e-10 -7.881878e-10 1.000000e+00 -5.017859e-09 -5.017859e-09 2.000000e+00 -7.101803e-10 -7.101803e-10 3.000000e+00 -5.583673e-09 -5.583673e-09 4.000000e+00 -8.592059e-09 -8.592059e-09 5.000000e+00 -1.081226e-08 -1.081226e-08
1.675230e-09 1.675230e-09 1.675230e-09 1.000000e+00 8.281962e-09 8.281962e-09 2.000000e+00 8.658722e-09 8.658722e-09 3.000000e+00 1.782539e-08 1.782539e-08 4.000000e+00 2.541103e-08 2.541103e-08 5.000000e+00 3.132143e-08 3.132143e-08
3.831736e-10 3.831736e-10 3.831736e-10 1.000000e+00 1.197185e-09 1.197185e-09 2.000000e+00 4.071917e-09 4.071917e-09 3.000000e+00 5.820030e-09 5.820030e-09 4.000000e+00 7.903653e-09 7.903653e-09 5.000000e+00 9.604102e-09 9.604102e-09
-8.449255e-10 -8.449255e-10 -8.449255e-10 1.000000e+00 -4.353793e-09 -4.353793e-09 2.000000e+00 -3.837130e-09 -3.837130e-09 3.000000e+00 -8.548803e-09 -8.548803e-09 4.000000e+00 -1.228639e-08 -1.228639e-08 5.000000e+00 -1.517904e-08 -1.517904e-08
-2.226146e-12 -2.226146e-12 -2.226146e-12 1.000000e+00 1.507111e-09 1.507111e-09 2.000000e+00 -4.565854e-09 -4.565854e-09 3.000000e+00 -3.818978e-09 -3.818978e-09 4.000000e+00 -4.588116e-09 -4.588116e-09 5.000000e+00 -5.355028e-09 -5.355028e-09
-7.871297e-10 -7.871297e-10 -7.871297e-10 1.000000e+00 -4.188379e-09 -4.188379e-09 2.000000e+00 -3.177457e-09 -3.177457e-09 3.000000e+00 -7.633036e-09 -7.633036e-09 4.000000e+00 -1.104875e-08 -1.104875e-08 5.000000e+00 -1.367734e-08 -1.367734e-08
4.483720e-10 4.483720e-10 4.483720e-10 1.000000e+00 1.758997e-09 1.758997e-09 2.000000e+00 3.690449e-09 3.690449e-09 3.000000e+00 5.915064e-09 5.915064e-09 4.000000e+00 8.174170e-09 8.174170e-09 5.000000e+00 9.984903e-09 9.984903e-09
1.072740e-09 1.072740e-09 1.072740e-09 1.000000e+00 5.251229e-09 5.251229e-09 2.000000e+00 5.701106e-09 5.701106e-09 3.000000e+00 1.154494e-08 1.154494e-08 4.000000e+00 1.642850e-08 1.642850e-08 5.000000e+00 2.023933e-08 2.023933e-08
-5.425230e-10 -5.425230e-10 -5.425230e-10 1.000000e+00 -3.342487e-09 -3.342487e-09 2.000000e+00 -8.230004e-10 -8.230004e-10 3.000000e+00 -4.121813e-09 -4.121813e-09 4.000000e+00 -6.248230e-09 -6.248230e-09 5.000000e+00 -7.832125e-09 -7.832125e-09
-1.783255e-10 -1.783255e-10 -1.783255e-10 1.000000e+00 -9.166438e-11 -9.166438e-11 2.000000e+00 -3.291518e-09 -3.291518e-09 3.000000e+00 -3.872326e-09 -3.872326e-09 4.000000e+00 -5.074773e-09 -5.074773e-09 5.000000e+00 -6.098894e-09 -6.098894e-09
-2.858591e-10 -2.858591e-10 -2.858591e-10 1.000000e+00 -8.881337e-10 -8.881337e-10 2.000000e+00 -3.052781e-09 -3.052781e-09 3.000000e+00 -4.354426e-09 -4.354426e-09 4.000000e+00 -5.911373e-09 -5.911373e-09 5.000000e+00 -7.182461e-09 -7.182461e-09
-3.196355e-10 -3.196355e-10 -3.196355e-10 1.000000e+00 -2.146560e-09 -2.146560e-09 2.000000e+00 4.696963e-11 4.696963e-11 3.000000e+00 -1.985217e-09 -1.985217e-09 4.000000e+00 -3.149385e-09 -3.149385e-09 5.000000e+00 -3.993918e-09 -3.993918e-09
8.834152e-10 8.834152e-10 8.834152e-10 1.000000e+00 4.395764e-09 4.395764e-09 2.000000e+00 4.481010e-09 4.481010e-09 3.000000e+00 9.329138e-09 9.329138e-09 4.000000e+00 1.331516e-08 1.331516e-08 5.000000e+00 1.641777e-08 1.641777e-08
8.876144e-11 8.876144e-11 8.876144e-11 1.000000e+00 4.071198e-11 4.071198e-11 2.000000e+00 1.653093e-09 1.653093e-09 3.000000e+00 1.939733e-09 1.939733e-09 4.000000e+00 2.540707e-09 2.540707e-09 5.000000e+00 3.052920e-09 3.052920e-09
-3.936967e-10 -3.936967e-10 -3.936967e-10 1.000000e+00 -1.941362e-09 -1.941362e-09 2.000000e+00 -2.049850e-09 -2.049850e-09 3.000000e+00 -4.201621e-09 -4.201621e-09 4.000000e+00 -5.986817e-09 -5.986817e-09 5.000000e+00 -7.378316e-09 -7.378316e-09
-1.000497e-11 -1.000497e-11 -1.000497e-11 1.000000e+00 6.963587e-10 6.963587e-10 2.000000e+00 -2.289175e-09 -2.289175e-09 3.000000e+00 -1.971011e-09 -1.971011e-09 4.000000e+00 -2.389225e-09 -2.389225e-09 5.000000e+00 -2.797434e-09 -2.797434e-09
-4.039142e-10 -4.039142e-10 -4.039142e-10 1.000000e+00 -2.214740e-09 -2.214740e-09 2.000000e+00 -1.434064e-09 -1.434064e-09 3.000000e+00 -3.753176e-09 -3.753176e-09 4.000000e+00 -5.473205e-09 -5.473205e-09 5.000000e+00 -6.789320e-09 -6.789320e-09
3.040072e-10 3.040072e-10 3.040072e-10 1.000000e+00 1.317004e-09 1.317004e-09 2.000000e+00 2.129133e-09 2.129133e-09 3.000000e+00 3.699656e-09 3.699656e-09 4.000000e+00 5.169205e-09 5.169205e-09 5.000000e+00 6.334746e-09 6.334746e-09
4.873347e-10 4.873347e-10 4.873347e-10 1.000000e+00 2.351200e-09 2.351200e-09 2.000000e+00 2.693093e-09 2.693093e-09 3.000000e+00 5.330697e-09 5.330697e-09 4.000000e+00 7.566440e-09 7.566440e-09 5.000000e+00 9.314848e-09 9.314848e-09
-3.002233e-10 -3.002233e-10 -3.002233e-10 1.000000e+00 -1.793307e-09 -1.793307e-09 2.000000e+00 -6.245458e-10 -6.245458e-10 3.000000e+00 -2.421869e-09 -2.421869e-09 4.000000e+00 -3.626779e-09 -3.626779e-09 5.000000e+00 -4.531466e-09 -4.531466e-09
-6.184495e-11 -6.184495e-11 -6.184495e-11 1.000000e+00 1.402563e-10 1.402563e-10 2.000000e+00 -1.657668e-09 -1.657668e-09 3.000000e+00 -1.773075e-09 -1.773075e-09 4.000000e+00 -2.276117e-09 -2.276117e-09 5.000000e+00 -2.717315e-09 -2.717315e-09
-1.740000e-10 -1.740000e-10 -1.740000e-10 1.000000e+00 -6.590858e-10 -6.590858e-10 2.000000e+00 -1.502743e-09 -1.502743e-09 3.000000e+00 -2.354285e-09 -2.354285e-09 4.000000e+00 -3.242742e-09 -3.242742e-09 5.000000e+00 -3.957200e-09 -3.957200e-09
-1.161206e-10 -1.161206e-10 -1.161206e-10 1.000000e+00 -8.525823e-10 -8.525823e-10 2.000000e+00 2.353344e-10 2.353344e-10 3.000000e+00 -5.393187e-10 -5.393187e-10 4.000000e+00 -9.258719e-10 -9.258719e-10 5.000000e+00 -1.196305e-09 -1.196305e-09
4.562586e-10 4.562586e-10 4.562586e-10 1.000000e+00 2.278604e-09 2.278604e-09 2.000000e+00 2.289360e-09 2.289360e-09 3.000000e+00 4.797438e-09 4.797438e-09 4.000000e+00 6.851946e-09 6.851946e-09 5.000000e+00 8.450196e-09 8.450196e-09
-5.735173e-12 -5.735173e-12 -5.735173e-12 1.000000e+00 -2.488007e-10 -2.488007e-10 2.000000e+00 6.316988e-10 6.316988e-10 3.000000e+00 4.900929e-10 4.900929e-10 4.000000e+00 5.743471e-10 5.743471e-10 5.000000e+00 6.643364e-10 6.643364e-10
-1.787486e-10 -1.787486e-10 -1.787486e-10 1.000000e+00 -8.320972e-10 -8.320972e-10 2.000000e+00 -1.078681e-09 -1.078681e-09 3.000000e+00 -2.030976e-09 -2.030976e-09 4.000000e+00 -2.866168e-09 -2.866168e-09 5.000000e+00 -3.522611e-09 -3.522611e-09
-1.374908e-11 -1.374908e-11 -1.374908e-11 1.000000e+00 2.908730e-10 2.908730e-10 2.000000e+00 -1.147601e-09 -1.147601e-09 3.000000e+00 -1.043412e-09 -1.043412e-09 4.000000e+00 -1.285092e-09 -1.285092e-09 5.000000e+00 -1.513023e-09 -1.513023e-09
-2.020906e-10 -2.020906e-10 -2.020906e-10 1.000000e+00 -1.138316e-09 -1.138316e-09 2.000000e+00 -6.268645e-10 -6.268645e-10 3.000000e+00 -1.802294e-09 -1.802294e-09 4.000000e+00 -2.647771e-09 -2.647771e-09 5.000000e+00 -3.291156e-09 -3.291156e-09
1.903189e-10 1.903189e-10 1.903189e-10 1.000000e+00 8.695404e-10 8.695404e-10 2.000000e+00 1.197757e-09 1.197757e-09 3.000000e+00 2.203483e-09 2.203483e-09 4.000000e+00 3.100946e-09 3.100946e-09 5.000000e+00 3.808089e-09 3.808089e-09
2.148265e-10 2.148265e-10 2.148265e-10 1.000000e+00 1.014687e-09 1.014687e-09 2.000000e+00 1.252470e-09 1.252470e-09 3.000000e+00 2.404293e-09 2.404293e-09 4.000000e+00 3.400735e-09 3.400735e-09 5.000000e+00 4.182350e-09 4.182350e-09
-1.600253e-10 -1.600253e-10 -1.600253e-10 1.000000e+00 -9.302079e-10 -9.302079e-10 2.000000e+00 -4.098824e-10 -4.098824e-10 3.000000e+00 -1.355062e-09 -1.355062e-09 4.000000e+00 -2.010135e-09 -2.010135e-09 5.000000e+00 -2.505183e-09 -2.505183e-09
-1.924615e-11 -1.924615e-11 -1.924615e-11 1.000000e+00 1.493638e-10 1.493638e-10 2.000000e+00 -8.330143e-10 -8.330143e-10 3.000000e+00 -8.160709e-10 -8.160709e-10 4.000000e+00 -1.025476e-09 -1.025476e-09 5.000000e+00 -1.215635e-09 -1.215635e-09
-1.021483e-10 -1.021483e-10 -1.021483e-10 1.000000e+00 -4.362628e-10 -4.362628e-10 2.000000e+00 -7.341783e-10 -7.341783e-10 3.000000e+00 -1.258755e-09 -1.258755e-09 4.000000e+00 -1.755662e-09 -1.755662e-09 5.000000e+00 -2.150420e-09 -2.150420e-09
-3.340147e-11 -3.340147e-11 -3.340147e-11 1.000000e+00 -2.985677e-10 -2.985677e-10 2.000000e+00 2.276737e-10 2.276737e-10 3.000000e+00 -2.181459e-11 -2.181459e-11 4.000000e+00 -1.063411e-10 -1.063411e-10 5.000000e+00 -1.574660e-10 -1.574660e-10
2.310256e-10 2.310256e-10 2.310256e-10 1.000000e+00 1.155132e-09 1.155132e-09 2.000000e+00 1.155117e-09 1.155117e-09 3.000000e+00 2.425760e-09 2.425760e-09 4.000000e+00 3.465373e-09 3.465373e-09 5.000000e+00 4.273961e-09 4.273961e-09
-2.667954e-11 -2.667954e-11 -2.667954e-11 1.000000e+00 -2.506181e-10 -2.506181e-10 2.000000e+00 2.182635e-10 2.182635e-10 3.000000e+00 1.291586e-11 1.291586e-11 4.000000e+00 -4.853186e-11 -4.853186e-11 5.000000e+00 -8.330004e-11 -8.330004e-11
-7.891629e-11 -7.891629e-11 -7.891629e-11 1.000000e+00 -3.391677e-10 -3.391677e-10 2.000000e+00 -5.608227e-10 -5.608227e-10 3.000000e+00 -9.671554e-10 -9.671554e-10 4.000000e+00 -1.349986e-09 -1.349986e-09 5.000000e+00 -1.653899e-09 -1.653899e-09
-1.324240e-11 -1.324240e-11 -1.324240e-11 1.000000e+00 1.033766e-10 1.033766e-10 2.000000e+00 -5.749777e-10 -5.749777e-10 3.000000e+00 -5.630166e-10 -5.630166e-10 4.000000e+00 -7.074017e-10 -7.074017e-10 5.000000e+00 -8.385443e-10 -8.385443e-10
-9.840237e-11 -9.840237e-11 -9.840237e-11 1.000000e+00 -5.687179e-10 -5.687179e-10 2.000000e+00 -2.618938e-10 -2.618938e-10 3.000000e+00 -8.414598e-10 -8.414598e-10 4.000000e+00 -1.245917e-09 -1.245917e-09 5.000000e+00 -1.551973e-09 -1.551973e-09
1.130305e-10 1.130305e-10 1.130305e-10 1.000000e+00 5.335747e-10 5.335747e-10 2.000000e+00 6.598856e-10 6.598856e-10 3.000000e+00 1.265764e-09 1.265764e-09 4.000000e+00 1.790190e-09 1.790190e-09 5.000000e+00 2.201586e-09 2.201586e-09
9.120017e-11 9.120017e-11 9.120017e-11 1.000000e+00 4.172055e-10 4.172055e-10 2.000000e+00 5.723869e-10 5.723869e-10 3.000000e+00 1.054590e-09 1.054590e-09 4.000000e+00 1.484389e-09 1.484389e-09 5.000000e+00 1.822987e-09 1.822987e-09
-8.267442e-11 -8.267442e-11 -8.267442e-11 1.000000e+00 -4.681731e-10 -4.681731e-10 2.000000e+00 -2.489691e-10 -2.489691e-10 3.000000e+00 -7.310789e-10 -7.310789e-10 4.000000e+00 -1.075713e-09 -1.075713e-09 5.000000e+00 -1.337673e-09 -1.337673e-09
-5.015811e-12 -5.015811e-12 -5.015811e-12 1.000000e+00 1.059187e-10 1.059187e-10 2.000000e+00 -4.180724e-10 -4.180724e-10 3.000000e+00 -3.801605e-10 -3.801605e-10 4.000000e+00 -4.682306e-10 -4.682306e-10 5.000000e+00 -5.512848e-10 -5.512848e-10
-5.812544e-11 -5.812544e-11 -5.812544e-11 1.000000e+00 -2.690623e-10 -2.690623e-10 2.000000e+00 -3.553219e-10 -3.553219e-10 3.000000e+00 -6.642294e-10 -6.642294e-10 4.000000e+00 -9.365764e-10 -9.365764e-10 5.000000e+00 -1.150798e-09 -1.150798e-09
-3.225598e-12 -3.225598e-12 -3.225598e-12 1.000000e+00 -7.821285e-11 -7.821285e-11 2.000000e+00 1.701266e-10 1.701266e-10 3.000000e+00 1.213434e-10 1.213434e-10 4.000000e+00 1.378706e-10 1.378706e-10 5.000000e+00 1.576234e-10 1.576234e-10
1.147265e-10 1.147265e-10 1.147265e-10 1.000000e+00 5.729559e-10 5.729559e-10 2.000000e+00 5.756634e-10 5.756634e-10 3.000000e+00 1.206321e-09 1.206321e-09 4.000000e+00 1.722929e-09 1.722929e-09 5.000000e+00 2.124810e-09 2.124810e-09
-2.434732e-11 -2.434732e-11 -2.434732e-11 1.000000e+00 -1.826470e-10 -1.826470e-10 2.000000e+00 6.099459e-11 6.099459e-11 3.000000e+00 -1.033709e-10 -1.033709e-10 4.000000e+00 -1.824786e-10 -1.824786e-10 5.000000e+00 -2.372390e-10 -2.372390e-10
-3.376789e-11 -3.376789e-11 -3.376789e-11 1.000000e+00 -1.288618e-10 -1.288618e-10 2.000000e+00 -2.887725e-10 -2.887725e-10 3.000000e+00 -4.545071e-10 -4.545071e-10 4.000000e+00 -6.264515e-10 -6.264515e-10 5.000000e+00 -7.646280e-10 -7.646280e-10
-1.068471e-11 -1.068471e-11 -1.068471e-11 1.000000e+00 2.467294e-11 2.467294e-11 2.000000e+00 -2.877130e-10 -2.877130e-10 3.000000e+00 -3.074307e-10 -3.074307e-10 4.000000e+00 -3.945601e-10 -3.945601e-10 5.000000e+00 -4.710049e-10 -4.710049e-10
-4.647005e-11 -4.647005e-11 -4.647005e-11 1.000000e+00 -2.757952e-10 -2.757952e-10 2.000000e+00 -1.020156e-10 -1.020156e-10 3.000000e+00 -3.793233e-10 -3.793233e-10 4.000000e+00 -5.667161e-10 -5.667161e-10 5.000000e+00 -7.076389e-10 -7.076389e-10
6.457611e-11 6.457611e-11 6.457611e-11 1.000000e+00 3.114784e-10 3.114784e-10 2.000000e+00 3.570870e-10 3.570870e-10 3.000000e+00 7.065545e-10 7.065545e-10 4.000000e+00 1.002848e-09 1.002848e-09 5.000000e+00 1.234566e-09 1.234566e-09
3.680405e-11 3.680405e-11 3.680405e-11 1.000000e+00 1.599090e-10 1.599090e-10 2.000000e+00 2.563539e-10 2.563539e-10 3.000000e+00 4.467205e-10 4.467205e-10 4.000000e+00 6.243944e-10 6.243944e-10 5.000000e+00 7.652641e-10 7.652641e-10
-4.155021e-11 -4.155021e-11 -4.155021e-11 1.000000e+00 -2.289945e-10 -2.289945e-10 2.000000e+00 -1.440208e-10 -1.440208e-10 3.000000e+00 -3.831686e-10 -3.831686e-10 4.000000e+00 -5.595229e-10 -5.595229e-10 5.000000e+00 -6.943269e-10 -6.943269e-10
-9.150043e-13 -9.150043e-13 -9.150043e-13 1.000000e+00 6.379985e-11 6.379985e-11 2.000000e+00 -2.096996e-10 -2.096996e-10 3.000000e+00 -1.805447e-10 -1.805447e-10 4.000000e+00 -2.188497e-10 -2.188497e-10 5.000000e+00 -2.562396e-10 -2.562396e-10
-3.216550e-11 -3.216550e-11 -3.216550e-11 1.000000e+00 -1.577821e-10 -1.577821e-10 2.000000e+00 -1.699639e-10 -1.699639e-10 3.000000e+00 -3.453514e-10 -3.453514e-10 4.000000e+00 -4.916189e-10 -4.916189e-10 5.000000e+00 -6.057209e-10 -6.057209e-10
5.547591e-12 5.547591e-12 5.547591e-12 1.000000e+00 -8.283800e-13 -8.283800e-13 2.000000e+00 1.134370e-10 1.134370e-10 3.000000e+00 1.296656e-10 1.296656e-10 4.000000e+00 1.689129e-10 1.689129e-10 5.000000e+00 2.026126e-10 2.026126e-10
5.586001e-11 5.586001e-11 5.586001e-11 1.000000e+00 2.779542e-10 2.779542e-10 2.000000e+00 2.833376e-10 2.833376e-10 3.000000e+00 5.898948e-10 5.898948e-10 4.000000e+00 8.419377e-10 8.419377e-10 5.000000e+00 1.038121e-09 1.038121e-09
-1.710617e-11 -1.710617e-11 -1.710617e-11 1.000000e+00 -1.164073e-10 -1.164073e-10 2.000000e+00 7.098422e-12 7.098422e-12 3.000000e+00 -1.024237e-10 -1.024237e-10 4.000000e+00 -1.639633e-10 -1.639633e-10 5.000000e+00 -2.083967e-10 -2.083967e-10
-1.393446e-11 -1.393446e-11 -1.393446e-11 1.000000e+00 -4.371277e-11 -4.371277e-11 2.000000e+00 -1.475509e-10 -1.475509e-10 3.000000e+00 -2.112106e-10 -2.112106e-10 4.000000e+00 -2.868955e-10 -2.868955e-10 5.000000e+00 -3.486458e-10 -3.486458e-10
-7.736975e-12 -7.736975e-12 -7.736975e-12 1.000000e+00 -3.693674e-12 -3.693674e-12 2.000000e+00 -1.436585e-10 -1.436585e-10 3.000000e+00 -1.687162e-10 -1.687162e-10 4.000000e+00 -2.210282e-10 -2.210282e-10 5.000000e+00 -2.656032e-10 -2.656032e-10
-2.115839e-11 -2.115839e-11 -2.115839e-11 1.000000e+00 -1.293766e-10 -1.293766e-10 2.000000e+00 -3.503780e-11 -3.503780e-11 3.000000e+00 -1.632013e-10 -1.632013e-10 4.000000e+00 -2.466217e-10 -2.466217e-10 5.000000e+00 -3.088837e-10 -3.088837e-10
3.577549e-11 3.577549e-11 3.577549e-11 1.000000e+00 1.751102e-10 1.751102e-10 2.000000e+00 1.901791e-10 1.901791e-10 3.000000e+00 3.850607e-10 3.850607e-10 4.000000e+00 5.479339e-10 5.479339e-10 5.000000e+00 6.750318e-10 6.750318e-10
1.377082e-11 1.377082e-11 1.377082e-11 1.000000e+00 5.445005e-11 5.445005e-11 2.000000e+00 1.120663e-10 1.120663e-10 3.000000e+00 1.806037e-10 1.806037e-10 4.000000e+00 2.497744e-10 2.497744e-10 5.000000e+00 3.051743e-10 3.051743e-10
-2.035447e-11 -2.035447e-11 -2.035447e-11 1.000000e+00 -1.088533e-10 -1.088533e-10 2.000000e+00 -8.052956e-11 -8.052956e-11 3.000000e+00 -1.960196e-10 -1.960196e-10 4.000000e+00 -2.840742e-10 -2.840742e-10 5.000000e+00 -3.517744e-10 -3.517744e-10
