6.369373e+06 1.427265e+06 1.826815e+06
6.342738e+06 1.471537e+06 1.883482e+06
6.315291e+06 1.515622e+06 1.939908e+06
6.287036e+06 1.559512e+06 1.996085e+06
6.257976e+06 1.603203e+06 2.052006e+06
6.228115e+06 1.646689e+06 2.107666e+06
6.197456e+06 1.689964e+06 2.163055e+06
6.166005e+06 1.733022e+06 2.218167e+06
6.133764e+06 1.775859e+06 2.272996e+06
6.100739e+06 1.818468e+06 2.327533e+06
6.066932e+06 1.860845e+06 2.381773e+06
6.032349e+06 1.902983e+06 2.435708e+06
5.996993e+06 1.944878e+06 2.489331e+06
5.960871e+06 1.986524e+06 2.542635e+06
5.923985e+06 2.027916e+06 2.595614e+06
5.886341e+06 2.069048e+06 2.648261e+06
5.847943e+06 2.109915e+06 2.700568e+06
5.808797e+06 2.150513e+06 2.752531e+06
5.768907e+06 2.190835e+06 2.804140e+06
5.728279e+06 2.230876e+06 2.855391e+06
5.686918e+06 2.270632e+06 2.906277e+06
5.644829e+06 2.310097e+06 2.956790e+06
5.602017e+06 2.349267e+06 3.006925e+06
5.558489e+06 2.388136e+06 3.056675e+06
5.514248e+06 2.426699e+06 3.106034e+06
5.469302e+06 2.464952e+06 3.154995e+06
5.423656e+06 2.502889e+06 3.203552e+06
5.377316e+06 2.540506e+06 3.251699e+06
5.330288e+06 2.577798e+06 3.299431e+06
5.282577e+06 2.614759e+06 3.346739e+06
5.234190e+06 2.651386e+06 3.393620e+06
5.185133e+06 2.687674e+06 3.440066e+06
5.135412e+06 2.723618e+06 3.486072e+06
5.085035e+06 2.759213e+06 3.531631e+06
5.034006e+06 2.794455e+06 3.576739e+06
4.982333e+06 2.829339e+06 3.621388e+06
4.930022e+06 2.863861e+06 3.665574e+06
4.877080e+06 2.898016e+06 3.709291e+06
4.823514e+06 2.931801e+06 3.752534e+06
4.769330e+06 2.965210e+06 3.795296e+06
4.714536e+06 2.998240e+06 3.837572e+06
4.659139e+06 3.030885e+06 3.879357e+06
4.603145e+06 3.063143e+06 3.920645e+06
4.546562e+06 3.095009e+06 3.961431e+06
4.489397e+06 3.126479e+06 4.001711e+06
4.431658e+06 3.157549e+06 4.041478e+06
4.373351e+06 3.188214e+06 4.080728e+06
4.314484e+06 3.218471e+06 4.119456e+06
4.255066e+06 3.248317e+06 4.157656e+06
4.195102e+06 3.277746e+06 4.195324e+06
4.134602e+06 3.306757e+06 4.232455e+06
4.073572e+06 3.335343e+06 4.269045e+06
4.012021e+06 3.363503e+06 4.305088e+06
3.949957e+06 3.391233e+06 4.340580e+06
3.887386e+06 3.418528e+06 4.375516e+06
3.824319e+06 3.445386e+06 4.409893e+06
3.760762e+06 3.471802e+06 4.443705e+06
3.696723e+06 3.497775e+06 4.476948e+06
3.632211e+06 3.523299e+06 4.509618e+06
3.567235e+06 3.548373e+06 4.541711e+06
3.501801e+06 3.572993e+06 4.573222e+06
3.435920e+06 3.597155e+06 4.604148e+06
3.369599e+06 3.620857e+06 4.634485e+06
3.302846e+06 3.644095e+06 4.664229e+06
3.235671e+06 3.666867e+06 4.693375e+06
3.168081e+06 3.689169e+06 4.721921e+06
3.100086e+06 3.711000e+06 4.749863e+06
3.031694e+06 3.732355e+06 4.777196e+06
2.962915e+06 3.753232e+06 4.803918e+06
2.893756e+06 3.773630e+06 4.830026e+06
2.824226e+06 3.793544e+06 4.855515e+06
2.754335e+06 3.812972e+06 4.880382e+06
2.684092e+06 3.831913e+06 4.904625e+06
2.613504e+06 3.850363e+06 4.928240e+06
2.542583e+06 3.868320e+06 4.951224e+06
2.471336e+06 3.885782e+06 4.973575e+06
2.399773e+06 3.902747e+06 4.995288e+06
2.327902e+06 3.919212e+06 5.016363e+06
2.255734e+06 3.935176e+06 5.036795e+06
2.183276e+06 3.950636e+06 5.056583e+06
2.110540e+06 3.965590e+06 5.075724e+06
2.037533e+06 3.980036e+06 5.094214e+06
1.964265e+06 3.993974e+06 5.112053e+06
1.890746e+06 4.007400e+06 5.129238e+06
1.816985e+06 4.020313e+06 5.145765e+06
1.742992e+06 4.032711e+06 5.161635e+06
1.668775e+06 4.044593e+06 5.176843e+06
1.594345e+06 4.055958e+06 5.191389e+06
1.519710e+06 4.066803e+06 5.205271e+06
1.444881e+06 4.077128e+06 5.218486e+06
1.369867e+06 4.086931e+06 5.231033e+06
1.294678e+06 4.096211e+06 5.242911e+06
1.219323e+06 4.104966e+06 5.254117e+06
1.143812e+06 4.113197e+06 5.264652e+06
1.068155e+06 4.120900e+06 5.274512e+06
9.923609e+05 4.128077e+06 5.283697e+06
9.164398e+05 4.134724e+06 5.292206e+06
8.404014e+05 4.140843e+06 5.300037e+06
7.642554e+05 4.146432e+06 5.307190e+06
6.880116e+05 4.151489e+06 5.313664e+06
6.116798e+05 4.156016e+06 5.319458e+06
