0.000000e+00 0.000000e+00 0.000000e+00
2.036931e-10 3.667000e-09 -8.809364e-10
-9.138334e-09 1.286309e-10 -2.046622e-08
4.620965e-09 4.065534e-08 4.032611e-08
-3.665594e-08 2.407102e-08 -2.937262e-08
-1.018090e-08 4.923419e-08 -1.036958e-08
1.873792e-08 4.983589e-08 3.079490e-08
-3.293916e-08 8.390070e-08 -1.370933e-08
-2.043855e-08 9.542492e-08 -2.030899e-09
4.355275e-08 9.300481e-08 -2.254866e-08
2.510203e-08 1.141501e-07 -9.142394e-09
3.870781e-08 1.275710e-07 -1.602820e-08
2.352727e-08 1.402921e-07 -4.343778e-08
5.614583e-08 1.692880e-07 -5.991273e-08
6.318951e-08 1.887283e-07 -8.033775e-08
5.876732e-09 2.385817e-07 -6.531203e-08
4.262788e-08 2.321894e-07 -1.130748e-07
4.431612e-08 2.480260e-07 -7.757765e-08
6.086554e-08 2.835885e-07 -6.672106e-08
6.386268e-08 3.034169e-07 -5.286283e-08
9.325947e-08 3.163604e-07 -8.021190e-08
1.785017e-08 3.458011e-07 -1.153276e-07
2.676795e-08 3.567301e-07 -1.429724e-07
4.968299e-08 4.135273e-07 -7.825814e-08
7.238030e-08 3.922249e-07 -2.062117e-07
1.106621e-07 4.133133e-07 -2.134366e-07
3.612707e-08 4.620920e-07 -1.813128e-07
1.254727e-07 4.425120e-07 -1.830762e-07
1.198317e-07 4.662145e-07 -1.883848e-07
5.400207e-08 5.195954e-07 -1.940438e-07
9.140010e-08 5.482729e-07 -2.301443e-07
6.730200e-08 5.576846e-07 -2.332384e-07
1.351505e-07 5.898875e-07 -1.526755e-07
6.445158e-08 6.328517e-07 -1.455754e-07
1.462963e-07 6.265946e-07 -1.769954e-07
6.664231e-08 6.523333e-07 -2.610998e-07
1.037623e-07 6.573301e-07 -2.732689e-07
4.881722e-08 7.096058e-07 -2.405966e-07
1.221654e-07 7.374700e-07 -2.707648e-07
1.250011e-07 7.817683e-07 -3.000185e-07
8.094885e-08 8.557298e-07 -2.583425e-07
7.506095e-08 8.774505e-07 -3.163264e-07
5.149521e-08 9.355950e-07 -2.783825e-07
1.700268e-07 9.119313e-07 -3.893702e-07
2.234077e-07 9.486798e-07 -3.532548e-07
6.834099e-08 9.945306e-07 -4.071119e-07
1.786550e-07 1.033346e-06 -4.185608e-07
1.298187e-07 1.082115e-06 -4.481170e-07
1.447254e-07 1.167880e-06 -3.418778e-07
8.654572e-08 1.205582e-06 -3.590824e-07
1.681003e-07 1.243629e-06 -3.614693e-07
8.023651e-08 1.275078e-06 -4.585540e-07
9.053964e-08 1.353698e-06 -4.392146e-07
2.351557e-07 1.397750e-06 -4.538237e-07
1.536519e-07 1.470371e-06 -4.031599e-07
2.171573e-07 1.483366e-06 -4.751458e-07
1.074830e-07 1.522288e-06 -5.680469e-07
1.181439e-07 1.533274e-06 -6.120546e-07
1.379224e-07 1.645573e-06 -4.623469e-07
4.274736e-08 1.627356e-06 -6.195589e-07
1.841684e-08 1.720614e-06 -5.388653e-07
2.838869e-07 1.705126e-06 -6.504831e-07
2.771274e-07 1.762503e-06 -5.714770e-07
1.540159e-07 1.740789e-06 -7.176758e-07
2.446769e-07 1.842115e-06 -5.473175e-07
2.761792e-07 1.846061e-06 -6.004444e-07
2.457088e-08 1.883525e-06 -7.091891e-07
1.257342e-07 1.896675e-06 -7.931602e-07
2.487658e-08 1.968697e-06 -6.218542e-07
1.713917e-07 1.938854e-06 -8.270325e-07
1.061081e-07 1.979026e-06 -8.396698e-07
1.528043e-07 2.112037e-06 -5.699673e-07
2.781554e-08 2.120753e-06 -6.379155e-07
2.450146e-07 2.098548e-06 -5.858049e-07
1.601966e-09 2.084270e-06 -7.271445e-07
-4.940294e-09 2.128553e-06 -7.128425e-07
2.583976e-07 2.121527e-06 -6.862657e-07
1.256500e-07 2.137080e-06 -6.043249e-07
2.579149e-07 2.093590e-06 -7.160968e-07
1.045701e-08 2.137595e-06 -6.369754e-07
4.896908e-08 2.172529e-06 -5.910963e-07
2.135493e-07 2.072743e-06 -8.202068e-07
2.268467e-07 2.118998e-06 -6.855473e-07
1.347956e-07 2.082489e-06 -8.477660e-07
1.809052e-07 2.150832e-06 -6.388989e-07
2.156225e-07 2.127184e-06 -6.705474e-07
2.877021e-09 2.055832e-06 -7.846030e-07
1.175961e-07 2.029947e-06 -8.202002e-07
-2.917192e-08 2.066138e-06 -7.365941e-07
1.574732e-07 2.045330e-06 -7.834862e-07
1.391805e-07 2.026647e-06 -8.084594e-07
-2.670706e-08 2.073051e-06 -6.137344e-07
-3.596689e-08 2.033128e-06 -6.974492e-07
5.711482e-08 2.052155e-06 -6.072595e-07
-4.090199e-08 2.022132e-06 -7.386875e-07
-4.746766e-08 2.054638e-06 -6.847330e-07
1.415376e-07 2.040005e-06 -6.934760e-07
1.080705e-07 2.031884e-06 -6.668271e-07
5.637370e-08 1.998167e-06 -7.595040e-07
8.673350e-08 2.048551e-06 -6.507499e-07
1.021875e-07 2.005314e-06 -6.726647e-07
