-6.508778315642e+06 4.321364905906e+05 1.841823154472e+06
-6.495350223736e+06 3.868375869857e+05 1.898428769622e+06
-6.481160313262e+06 3.414692546060e+05 1.954791391169e+06
-6.466210492955e+06 2.960361286174e+05 2.010903804854e+06
-6.450502758321e+06 2.505429124183e+05 2.066758828444e+06
-6.434039195166e+06 2.049943198638e+05 2.122349312652e+06
-6.416821980721e+06 1.593950182985e+05 2.177668142050e+06
-6.398853379342e+06 1.137497414946e+05 2.232708235982e+06
-6.380135744811e+06 6.806323224645e+04 2.287462549468e+06
-6.360671520227e+06 2.234018589237e+04 2.341924074110e+06
-6.340463236073e+06 -2.341463768124e+04 2.396085838983e+06
-6.319513511294e+06 -6.919647101498e+04 2.449940911532e+06
-6.297825051936e+06 -1.150005950060e+05 2.503482398458e+06
-6.275400652078e+06 -1.608222095448e+05 2.556703446598e+06
-6.252243191306e+06 -2.066565820554e+05 2.609597243807e+06
-6.228355636833e+06 -2.524989187072e+05 2.662157019827e+06
-6.203741042501e+06 -2.983444205406e+05 2.714376047151e+06
-6.178402545360e+06 -3.441883383524e+05 2.766247641890e+06
-6.152343370104e+06 -3.900258637548e+05 2.817765164623e+06
-6.125566826840e+06 -4.358521847122e+05 2.868922021251e+06
-6.098076306418e+06 -4.816625397231e+05 2.919711663839e+06
-6.069875287262e+06 -5.274521102399e+05 2.970127591453e+06
-6.040967331897e+06 -5.732160755582e+05 3.020163350996e+06
-6.011356081040e+06 -6.189496662384e+05 3.069812538028e+06
-5.981045262821e+06 -6.646480579986e+05 3.119068797593e+06
-5.950038688067e+06 -7.103064259003e+05 3.167925825025e+06
-5.918340243161e+06 -7.559199969527e+05 3.216377366762e+06
-5.885953901647e+06 -8.014839455906e+05 3.264417221140e+06
-5.852883718275e+06 -8.469934470989e+05 3.312039239192e+06
-5.819133820630e+06 -8.924437293457e+05 3.359237325432e+06
-5.784708423116e+06 -9.378299699542e+05 3.406005438636e+06
-5.749611819764e+06 -9.831473489100e+05 3.452337592616e+06
-5.713848374641e+06 -1.028391099369e+06 3.498227856985e+06
-5.677422538198e+06 -1.073556406631e+06 3.543670357916e+06
-5.640338838856e+06 -1.118638459876e+06 3.588659278896e+06
-5.602601872187e+06 -1.163632501990e+06 3.633188861469e+06
-5.564216323178e+06 -1.208533714129e+06 3.677253405971e+06
-5.525186938853e+06 -1.253337348142e+06 3.720847272263e+06
-5.485518551712e+06 -1.298038612132e+06 3.763964880451e+06
-5.445216069266e+06 -1.342632720612e+06 3.806600711603e+06
-5.404284461219e+06 -1.387114942597e+06 3.848749308449e+06
-5.362728782075e+06 -1.431480505884e+06 3.890405276087e+06
-5.320554159482e+06 -1.475724646208e+06 3.931563282668e+06
-5.277765780198e+06 -1.519842654209e+06 3.972218060082e+06
-5.234368915039e+06 -1.563829781897e+06 4.012364404632e+06
-5.190368906001e+06 -1.607681290741e+06 4.051997177695e+06
-5.145771151058e+06 -1.651392497472e+06 4.091111306389e+06
-5.100581131402e+06 -1.694958682827e+06 4.129701784212e+06
-5.054804397377e+06 -1.738375138519e+06 4.167763671691e+06
-5.008446552103e+06 -1.781637211831e+06 4.205292097010e+06
-4.961513280996e+06 -1.824740216733e+06 4.242282256636e+06
-4.914010336522e+06 -1.867679479685e+06 4.278729415930e+06
-4.865943520664e+06 -1.910450382977e+06 4.314628909758e+06
-4.817318716697e+06 -1.953048278307e+06 4.349976143084e+06
-4.768141872771e+06 -1.995468531372e+06 4.384766591561e+06
-4.718418983239e+06 -2.037706563911e+06 4.418995802107e+06
-4.668156122659e+06 -2.079757769828e+06 4.452659393480e+06
-4.617359428229e+06 -2.121617558535e+06 4.485753056833e+06
-4.566035079975e+06 -2.163281395642e+06 4.518272556270e+06
-4.514189343436e+06 -2.204744708480e+06 4.550213729384e+06
-4.461828518608e+06 -2.246002994356e+06 4.581572487794e+06
-4.408958983710e+06 -2.287051727428e+06 4.612344817667e+06
-4.355587175721e+06 -2.327886399843e+06 4.642526780231e+06
-4.301719568728e+06 -2.368502560108e+06 4.672114512276e+06
-4.247362713750e+06 -2.408895736429e+06 4.701104226657e+06
-4.192523218154e+06 -2.449061476488e+06 4.729492212771e+06
-4.137207722928e+06 -2.488995384349e+06 4.757274837033e+06
-4.081422944621e+06 -2.528693046661e+06 4.784448543346e+06
-4.025175653662e+06 -2.568150071012e+06 4.811009853551e+06
-3.968472650574e+06 -2.607362121357e+06 4.836955367873e+06
-3.911320809996e+06 -2.646324847138e+06 4.862281765359e+06
-3.853727057925e+06 -2.685033920196e+06 4.886985804302e+06
-3.795698346890e+06 -2.723485068664e+06 4.911064322651e+06
-3.737241702019e+06 -2.761674009095e+06 4.934514238425e+06
-3.678364197222e+06 -2.799596481883e+06 4.957332550098e+06
-3.619072929348e+06 -2.837248283590e+06 4.979516336991e+06
-3.559375066259e+06 -2.874625202155e+06 5.001062759641e+06
-3.499277821974e+06 -2.911723050778e+06 5.021969060165e+06
-3.438788429829e+06 -2.948537698661e+06 5.042232562614e+06
-3.377914201275e+06 -2.985064999441e+06 5.061850673318e+06
-3.316662456223e+06 -3.021300873060e+06 5.080820881213e+06
-3.255040582797e+06 -3.057241235791e+06 5.099140758163e+06
-3.193056010804e+06 -3.092882031501e+06 5.116807959278e+06
-3.130716183283e+06 -3.128219259675e+06 5.133820223202e+06
-3.068028609729e+06 -3.163248919116e+06 5.150175372415e+06
-3.005000838571e+06 -3.197967037597e+06 5.165871313503e+06
-2.941640427798e+06 -3.232369698212e+06 5.180906037428e+06
-2.877955000027e+06 -3.266452986372e+06 5.195277619788e+06
-2.813952214030e+06 -3.300213017812e+06 5.208984221061e+06
-2.749639734450e+06 -3.333645963243e+06 5.222024086838e+06
-2.685025288671e+06 -3.366747998697e+06 5.234395548055e+06
-2.620116637413e+06 -3.399515331861e+06 5.246097021198e+06
-2.554921543577e+06 -3.431944225010e+06 5.257127008512e+06
-2.489447830852e+06 -3.464030948742e+06 5.267484098188e+06
-2.423703353416e+06 -3.495771806621e+06 5.277166964547e+06
-2.357695963930e+06 -3.527163156359e+06 5.286174368211e+06
-2.291433573838e+06 -3.558201366997e+06 5.294505156256e+06
-2.224924122196e+06 -3.588882841825e+06 5.302158262365e+06
-2.158175542841e+06 -3.619204037797e+06 5.309132706960e+06
-2.091195826337e+06 -3.649161426198e+06 5.315427597334e+06
-2.023992987952e+06 -3.678751513814e+06 5.321042127757e+06
