1.867382e-01 7.745235e-01 -2.666898e-01 -5.423272e-01
1.853114e-01 7.774074e-01 -2.682378e-01 -5.379089e-01
1.837144e-01 7.805945e-01 -2.688281e-01 -5.335286e-01
1.821848e-01 7.836140e-01 -2.698230e-01 -5.291063e-01
1.806561e-01 7.865956e-01 -2.708463e-01 -5.246647e-01
1.791215e-01 7.895509e-01 -2.718641e-01 -5.202064e-01
1.775807e-01 7.924810e-01 -2.728731e-01 -5.157318e-01
1.760343e-01 7.953857e-01 -2.738733e-01 -5.112407e-01
1.744822e-01 7.982649e-01 -2.748647e-01 -5.067332e-01
1.729246e-01 8.011186e-01 -2.758473e-01 -5.022094e-01
1.713614e-01 8.039467e-01 -2.768211e-01 -4.976696e-01
1.697927e-01 8.067491e-01 -2.777860e-01 -4.931139e-01
1.682186e-01 8.095256e-01 -2.787420e-01 -4.885424e-01
1.666392e-01 8.122762e-01 -2.796891e-01 -4.839553e-01
1.650544e-01 8.150009e-01 -2.806273e-01 -4.793527e-01
1.634643e-01 8.176994e-01 -2.815565e-01 -4.747347e-01
1.618689e-01 8.203718e-01 -2.824767e-01 -4.701015e-01
1.602684e-01 8.230180e-01 -2.833878e-01 -4.654533e-01
1.586628e-01 8.256378e-01 -2.842899e-01 -4.607903e-01
1.570521e-01 8.282311e-01 -2.851829e-01 -4.561124e-01
1.554364e-01 8.307980e-01 -2.860667e-01 -4.514200e-01
1.795487e-01 8.285116e-01 -2.994263e-01 -4.378067e-01
2.139900e-01 8.228190e-01 -3.178467e-01 -4.197031e-01
2.482350e-01 8.153677e-01 -3.362783e-01 -4.005894e-01
2.832388e-01 8.057091e-01 -3.552543e-01 -3.800040e-01
2.907272e-01 8.051213e-01 -3.598186e-01 -3.711980e-01
2.902254e-01 8.075107e-01 -3.601777e-01 -3.660161e-01
2.890598e-01 8.101269e-01 -3.601767e-01 -3.611255e-01
2.878382e-01 8.127337e-01 -3.601390e-01 -3.562487e-01
2.866077e-01 8.153118e-01 -3.600901e-01 -3.513655e-01
2.853689e-01 8.178631e-01 -3.600305e-01 -3.464716e-01
2.586797e-01 8.283000e-01 -3.503734e-01 -3.524804e-01
2.210173e-01 8.408516e-01 -3.358303e-01 -3.624058e-01
1.826459e-01 8.520717e-01 -3.200611e-01 -3.717192e-01
1.425166e-01 8.620930e-01 -3.024820e-01 -3.807747e-01
1.314538e-01 8.659171e-01 -2.986104e-01 -3.791296e-01
1.290001e-01 8.681850e-01 -2.989658e-01 -3.744772e-01
1.272515e-01 8.703019e-01 -2.996667e-01 -3.695694e-01
1.255519e-01 8.723808e-01 -3.003841e-01 -3.646338e-01
1.238522e-01 8.744292e-01 -3.010902e-01 -3.596928e-01
1.221471e-01 8.764498e-01 -3.017859e-01 -3.547409e-01
1.295524e-01 8.674348e-01 -2.986818e-01 -3.762475e-01
1.406311e-01 8.527583e-01 -2.936282e-01 -4.084222e-01
1.516708e-01 8.366476e-01 -2.880809e-01 -4.404841e-01
1.630269e-01 8.184356e-01 -2.818100e-01 -4.734644e-01
1.645518e-01 8.158575e-01 -2.809223e-01 -4.778931e-01
1.632137e-01 8.181214e-01 -2.817018e-01 -4.740071e-01
1.616338e-01 8.207627e-01 -2.826113e-01 -4.694188e-01
1.600335e-01 8.234034e-01 -2.835205e-01 -4.647711e-01
1.584272e-01 8.260193e-01 -2.844213e-01 -4.601060e-01
1.568157e-01 8.286088e-01 -2.853129e-01 -4.554260e-01
1.464516e-01 8.444541e-01 -2.907689e-01 -4.253264e-01
1.321179e-01 8.641649e-01 -2.975558e-01 -3.836983e-01
1.173043e-01 8.820118e-01 -3.037010e-01 -3.406765e-01
1.016197e-01 8.982798e-01 -3.093025e-01 -2.951251e-01
9.643006e-02 9.030922e-01 -3.109596e-01 -2.800532e-01
9.438899e-02 9.049091e-01 -3.115852e-01 -2.741255e-01
9.260697e-02 9.064608e-01 -3.121195e-01 -2.689502e-01
9.083886e-02 9.079686e-01 -3.126386e-01 -2.638152e-01
8.906882e-02 9.094464e-01 -3.131475e-01 -2.586746e-01
8.729598e-02 9.108952e-01 -3.136464e-01 -2.535259e-01
7.909585e-02 9.022111e-01 -3.419291e-01 -2.506860e-01
6.776236e-02 8.878829e-01 -3.812652e-01 -2.484131e-01
5.562904e-02 8.717434e-01 -4.202366e-01 -2.457033e-01
4.218554e-02 8.531726e-01 -4.598282e-01 -2.426416e-01
3.811675e-02 8.493025e-01 -4.698001e-01 -2.377399e-01
3.689957e-02 8.500560e-01 -4.712173e-01 -2.323737e-01
3.593705e-02 8.512043e-01 -4.718574e-01 -2.269589e-01
3.507957e-02 8.523383e-01 -4.724607e-01 -2.215169e-01
3.422154e-02 8.534339e-01 -4.730690e-01 -2.160676e-01
3.335725e-02 8.545027e-01 -4.736611e-01 -2.106124e-01
3.759146e-02 8.696079e-01 -4.478438e-01 -2.044625e-01
4.418172e-02 8.892066e-01 -4.102884e-01 -1.975424e-01
5.127556e-02 9.073070e-01 -3.715837e-01 -1.899745e-01
5.930461e-02 9.242360e-01 -3.305777e-01 -1.816291e-01
6.000768e-02 9.288208e-01 -3.207523e-01 -1.755249e-01
5.849633e-02 9.300873e-01 -3.202435e-01 -1.701762e-01
5.678247e-02 9.310367e-01 -3.205583e-01 -1.648906e-01
5.496710e-02 9.319469e-01 -3.208962e-01 -1.596221e-01
5.314630e-02 9.328351e-01 -3.212019e-01 -1.543488e-01
5.132851e-02 9.336936e-01 -3.214964e-01 -1.490694e-01
4.950925e-02 9.345219e-01 -3.217817e-01 -1.437853e-01
4.768820e-02 9.353203e-01 -3.220566e-01 -1.384966e-01
4.586563e-02 9.360888e-01 -3.223212e-01 -1.332034e-01
4.404159e-02 9.368273e-01 -3.225755e-01 -1.279061e-01
4.221614e-02 9.375359e-01 -3.228195e-01 -1.226046e-01
4.038934e-02 9.382144e-01 -3.230531e-01 -1.172992e-01
3.856125e-02 9.388629e-01 -3.232764e-01 -1.119900e-01
3.673193e-02 9.394814e-01 -3.234894e-01 -1.066773e-01
3.490143e-02 9.400698e-01 -3.236920e-01 -1.013611e-01
3.306981e-02 9.406282e-01 -3.238843e-01 -9.604170e-02
3.123713e-02 9.411564e-01 -3.240661e-01 -9.071922e-02
2.940346e-02 9.416545e-01 -3.242377e-01 -8.539384e-02
2.756884e-02 9.421225e-01 -3.243988e-01 -8.006573e-02
2.573335e-02 9.425604e-01 -3.245496e-01 -7.473506e-02
2.389702e-02 9.429680e-01 -3.246899e-01 -6.940200e-02
2.205994e-02 9.433456e-01 -3.248199e-01 -6.406671e-02
2.022215e-02 9.436929e-01 -3.249395e-01 -5.872938e-02
1.838371e-02 9.440100e-01 -3.250487e-01 -5.339016e-02
1.654468e-02 9.442969e-01 -3.251475e-01 -4.804924e-02
1.470512e-02 9.445536e-01 -3.252359e-01 -4.270678e-02
