-1.590277e-15 1.113194e-14 3.180555e-15
4.362135e-02 1.447606e-04 4.263657e-02
3.927971e-03 5.952131e-05 3.444933e-03
3.426281e-04 3.218061e-05 8.471163e-05
-1.776831e-06 7.585526e-06 -6.186323e-05
-1.346079e-05 -1.642267e-06 -2.232088e-07
5.065460e-08 -3.461223e-07 2.780956e-06
5.786577e-07 7.198093e-08 -4.134750e-09
-5.067683e-09 1.480472e-08 -1.212262e-07
-2.509670e-08 -3.169622e-09 7.726776e-10
4.685848e-10 -5.562234e-10 5.124949e-09
7.481841e-10 7.592302e-11 -4.144263e-10
-1.773811e-10 5.263818e-12 -7.983192e-12
3.341014e-11 -6.106665e-13 1.750895e-11
-4.878971e-12 -7.601526e-13 -6.014429e-12
4.564096e-13 -2.957916e-13 1.529847e-12
-2.735277e-13 -5.693193e-13 -1.622083e-13
8.587498e-14 -9.223609e-14 2.544444e-14
1.685694e-13 9.541664e-15 2.544444e-14
2.162777e-13 1.431250e-13 1.081389e-13
8.587498e-14 -1.049583e-13 1.176805e-13
-1.239402e-01 1.889215e-02 3.474925e+00
-2.140345e-01 2.390052e-02 8.410760e+00
-1.957818e-01 1.518749e-02 1.340898e+01
-5.602222e-02 5.495019e-03 1.862189e+01
-5.253832e-03 3.340410e-03 1.988999e+01
-8.657499e-05 2.000872e-03 1.999306e+01
1.700253e-04 8.166398e-04 1.999999e+01
4.312542e-05 7.213709e-05 1.999996e+01
-1.147957e-05 -1.909150e-05 1.999985e+01
1.323163e-06 3.828905e-06 1.999986e+01
1.239422e-01 1.883105e-02 1.652462e+01
2.140185e-01 2.372500e-02 1.158833e+01
1.957383e-01 1.495182e-02 6.589636e+00
5.600254e-02 5.322748e-03 1.377461e+00
5.257813e-03 3.225824e-03 1.098229e-01
1.023273e-04 1.950887e-03 6.803869e-03
-1.589353e-04 8.118936e-04 -2.392642e-04
-5.417412e-06 -6.588458e-05 -1.914800e-04
7.875792e-06 -3.835251e-05 1.221304e-05
4.343146e-07 2.688580e-06 8.093284e-06
-5.099870e-07 3.474501e+00 2.207103e-06
-4.085717e-07 8.408903e+00 1.349736e-06
-2.460759e-07 1.340608e+01 7.695863e-07
-4.439418e-08 1.862056e+01 1.591037e-07
5.680683e-09 1.988984e+01 8.359666e-09
6.031571e-09 1.999301e+01 -2.226229e-09
4.366896e-09 1.999960e+01 -2.135251e-09
3.319696e-09 1.999998e+01 -1.694216e-09
2.643452e-09 2.000000e+01 -1.383706e-09
2.169306e-09 2.000000e+01 -1.162267e-09
1.640706e-09 1.652550e+01 -8.649896e-10
1.109998e-09 1.159110e+01 -5.697266e-10
6.156359e-10 6.593923e+00 -3.106387e-10
1.297883e-10 1.379440e+00 -6.897123e-11
1.354919e-11 1.101559e-01 -1.163449e-11
2.484013e-12 6.985877e-03 -4.770832e-12
1.294486e-12 4.013125e-04 -3.260069e-12
1.284944e-12 2.184355e-05 -2.547624e-12
7.633331e-13 1.150185e-06 -2.086444e-12
7.569720e-13 5.925474e-08 -1.800194e-12
3.475429e+00 3.021358e-02 1.341617e-01
8.412286e+00 6.710830e-02 2.401383e-01
1.341130e+01 7.511146e-02 2.298020e-01
1.862346e+01 2.963300e-02 8.363516e-02
1.989246e+01 8.580271e-03 2.587370e-02
1.999976e+01 3.446793e-03 1.048182e-02
2.000290e+01 -1.383472e-04 -4.219178e-04
2.000031e+01 -1.699582e-04 -5.127569e-04
2.000029e+01 1.211484e-05 3.701418e-05
2.000025e+01 3.244651e-08 9.857548e-08
1.652531e+01 -1.854550e-02 -1.361777e-01
1.158912e+01 -2.199970e-02 -2.479592e-01
6.590949e+00 -1.198905e-02 -2.409900e-01
1.379153e+00 -3.731443e-03 -8.861373e-02
1.080494e-01 -2.793400e-03 -2.705328e-02
7.545844e-04 -1.355618e-03 -1.087860e-02
-2.609341e-03 8.795913e-06 2.088093e-04
3.554795e-05 6.551601e-05 5.324447e-04
1.112687e-04 -2.437768e-07 -8.501117e-06
-2.200324e-06 -2.800751e-06 -2.315502e-05
-4.828883e-06 1.938817e-08 4.738206e-07
1.185144e-07 1.194413e-07 1.004693e-06
2.094369e-07 -1.232053e-09 -2.533099e-08
-6.153550e-09 -5.084150e-09 -4.355552e-08
-8.978680e-09 7.582124e-11 1.380217e-09
5.709127e-10 1.393337e-10 1.568906e-09
8.260537e-11 -2.116659e-12 -3.034575e-10
-4.193561e-11 -6.058957e-13 4.659513e-11
1.186665e-11 -1.490090e-12 -4.629297e-12
-2.846596e-12 -1.302437e-12 -2.814791e-13
9.255414e-13 5.303575e-13 1.884479e-13
-3.180555e-14 6.464477e-13 -1.622083e-13
5.152499e-13 6.520137e-14 -4.611804e-14
-1.304027e-13 6.822290e-13 -7.474304e-14
9.223609e-14 8.380762e-13 -6.043054e-14
1.812916e-13 -8.309199e-13 -5.168401e-14
2.639860e-13 -5.589825e-13 -2.981770e-14
-7.315276e-14 -3.204409e-13 -5.049131e-14
1.940138e-13 -5.224061e-13 -5.844269e-14
2.894305e-13 -6.973366e-13 -6.321352e-14
