-5.997353661634e-02 1.529728849415e-01 -9.864088763684e-01
-7.101229324760e-02 1.522761967601e-01 -9.857835533767e-01
-8.226330151647e-02 1.529121048364e-01 -9.848099498980e-01
-9.340764562134e-02 1.529698202911e-01 -9.838065083235e-01
-1.045314084569e-01 1.529763746658e-01 -9.826858162404e-01
-1.156409707308e-01 1.529775780277e-01 -9.814402816826e-01
-1.267357069704e-01 1.529782431662e-01 -9.800692412766e-01
-1.378142517480e-01 1.529791170971e-01 -9.785727472944e-01
-1.488751577937e-01 1.529800150027e-01 -9.769510235430e-01
-1.599170072985e-01 1.529809030355e-01 -9.752042832572e-01
-1.709383884775e-01 1.529817891237e-01 -9.733327486226e-01
-1.819378909918e-01 1.529826747496e-01 -9.713366589643e-01
-1.929141071426e-01 1.529835595523e-01 -9.692162698656e-01
-2.038656322806e-01 1.529844434752e-01 -9.669718527596e-01
-2.147910649145e-01 1.529853265446e-01 -9.646036949416e-01
-2.256890068935e-01 1.529862087580e-01 -9.621120995483e-01
-2.365580635867e-01 1.529870901183e-01 -9.594973855145e-01
-2.473968440617e-01 1.529879706277e-01 -9.567598875327e-01
-2.582039612625e-01 1.529888502886e-01 -9.538999560099e-01
-2.689780321872e-01 1.529897291035e-01 -9.509179570234e-01
-2.797176780647e-01 1.529906070751e-01 -9.478142722733e-01
-2.801798656944e-01 1.723334580869e-01 -9.443518529041e-01
-2.745696148329e-01 1.988065579802e-01 -9.407908795873e-01
-2.667550585950e-01 2.241682748004e-01 -9.373314906088e-01
-2.561999781504e-01 2.487400094037e-01 -9.340717204356e-01
-2.608649328695e-01 2.571714209933e-01 -9.304903798661e-01
-2.703221888699e-01 2.611612372874e-01 -9.266718525687e-01
-2.801393566171e-01 2.647751440428e-01 -9.227220946587e-01
-2.899368483285e-01 2.683440205703e-01 -9.186555995614e-01
-2.996813993984e-01 2.718918455661e-01 -9.144757422530e-01
-3.093790134807e-01 2.754222183747e-01 -9.101797776501e-01
-3.356242130910e-01 2.571209062159e-01 -9.062258146697e-01
-3.667250795171e-01 2.279471841741e-01 -9.019716166711e-01
-3.953972311539e-01 1.966117280680e-01 -8.972206294897e-01
-4.218346252145e-01 1.623183859734e-01 -8.920248261933e-01
-4.354149236099e-01 1.537571561757e-01 -8.870020187252e-01
-4.457160379058e-01 1.530558971420e-01 -8.819926903912e-01
-4.557008681460e-01 1.530059360531e-01 -8.768842011939e-01
-4.656042607670e-01 1.530047963753e-01 -8.716663379079e-01
-4.754337998269e-01 1.530071148303e-01 -8.663437682545e-01
-4.852028511107e-01 1.530080564053e-01 -8.609104064589e-01
-4.421618468267e-01 1.530088800963e-01 -8.837879744726e-01
-3.748712448358e-01 1.530097306374e-01 -9.143629323882e-01
-3.044537781227e-01 1.530105830042e-01 -9.401572519933e-01
-2.286384536236e-01 1.530114353687e-01 -9.614114406283e-01
-2.182026588094e-01 1.530122920842e-01 -9.638334078873e-01
-2.273602571898e-01 1.530131493512e-01 -9.617142452809e-01
-2.381144165405e-01 1.530140059547e-01 -9.591080432450e-01
-2.489422890671e-01 1.530148618231e-01 -9.563546354649e-01
-2.597443070634e-01 1.530157169637e-01 -9.534773648652e-01
-2.705134077417e-01 1.530165713846e-01 -9.504779982270e-01
-3.381447837131e-01 1.530174250952e-01 -9.285708227512e-01
-4.268720646632e-01 1.530182781015e-01 -8.912719265056e-01
-5.124761813465e-01 1.530191304089e-01 -8.449575783916e-01
-5.961027644276e-01 1.530199820240e-01 -7.881918417131e-01
-6.221411918994e-01 1.530208329458e-01 -7.678052891369e-01
-6.321554979502e-01 1.530216831852e-01 -7.595813260517e-01
-6.407938221128e-01 1.530225327502e-01 -7.523080366531e-01
-6.492677870718e-01 1.530233816474e-01 -7.450068357674e-01
-6.576539469086e-01 1.530242298833e-01 -7.376143105879e-01
-6.659556894928e-01 1.530250774643e-01 -7.301276226108e-01
-6.735299467859e-01 1.105207171126e-01 -7.308505879259e-01
-6.812453145631e-01 4.965327568365e-02 -7.303693405392e-01
-6.894517388445e-01 -1.238742200456e-02 -7.242256910524e-01
-6.980453578737e-01 -7.727131428309e-02 -7.118720547542e-01
-7.061011205856e-01 -9.100569609418e-02 -7.022386850539e-01
-7.139145996341e-01 -8.976074906990e-02 -6.944558678244e-01
-7.216244298451e-01 -8.715634677021e-02 -6.867764945515e-01
-7.292157968382e-01 -8.431898571909e-02 -6.790689436935e-01
-7.367122529390e-01 -8.147494036408e-02 -6.712800387783e-01
-7.441158692922e-01 -7.860948071458e-02 -6.634094682843e-01
-7.515500637659e-01 -3.763384812234e-02 -6.586016968768e-01
-7.589773690710e-01 1.940891328124e-02 -6.508276633052e-01
-7.662159563972e-01 7.710349624509e-02 -6.379405607336e-01
-7.730215447970e-01 1.369719180263e-01 -6.194161645872e-01
-7.797878593877e-01 1.515242397618e-01 -6.074300775531e-01
-7.865482071257e-01 1.528813383749e-01 -5.983052851547e-01
-7.932221103616e-01 1.530691251616e-01 -5.893797812580e-01
-7.998369135986e-01 1.530473026273e-01 -5.803769764589e-01
-8.063529106152e-01 1.530398372844e-01 -5.712913370133e-01
-8.127636726498e-01 1.530415954807e-01 -5.621329757927e-01
-8.190702713469e-01 1.530427912096e-01 -5.529030608113e-01
-8.252721432075e-01 1.530435861742e-01 -5.436023826075e-01
-8.313684126073e-01 1.530444050136e-01 -5.342321336393e-01
-8.373582895228e-01 1.530452407857e-01 -5.247935301053e-01
-8.432410111813e-01 1.530460750325e-01 -5.152877797688e-01
-8.490158253818e-01 1.530469080571e-01 -5.057160984044e-01
-8.546819931586e-01 1.530477406916e-01 -4.960797109736e-01
-8.602387895964e-01 1.530485729148e-01 -4.863798507365e-01
-8.656855038015e-01 1.530494046981e-01 -4.766177590371e-01
-8.710214389604e-01 1.530502360590e-01 -4.667946851815e-01
-8.762459124398e-01 1.530510670046e-01 -4.569118862772e-01
-8.813582558722e-01 1.530518975440e-01 -4.469706270708e-01
-8.863578152420e-01 1.530527276858e-01 -4.369721797866e-01
-8.912439509683e-01 1.530535574390e-01 -4.269178239635e-01
-8.960160379875e-01 1.530543868124e-01 -4.168088462913e-01
-9.006734658327e-01 1.530552158150e-01 -4.066465404460e-01
-9.052156387120e-01 1.530560444558e-01 -3.964322069242e-01
-9.096419755845e-01 1.530568727439e-01 -3.861671528762e-01
-9.139519102348e-01 1.530577006883e-01 -3.758526919395e-01
-9.181448913450e-01 1.530585282982e-01 -3.654901440699e-01
