0.000000
0.100000
0.200000
0.300000
0.400000
0.500000
0.600000
0.700000
0.800000
0.900000
1.000000
1.100000
1.200000
1.300000
1.400000
1.500000
1.600000
1.700000
1.800000
1.900000
2.000000
2.100000
2.200000
2.300000
2.400000
2.500000
2.600000
2.700000
2.800000
2.900000
3.000000
3.100000
3.200000
3.300000
3.400000
3.500000
3.600000
3.700000
3.800000
3.900000
4.000000
4.100000
4.200000
4.300000
4.400000
4.500000
4.600000
4.700000
4.800000
4.900000
5.000000
5.100000
5.200000
5.300000
5.400000
5.500000
5.600000
5.700000
5.800000
5.900000
6.000000
6.100000
6.200000
6.300000
6.400000
6.500000
6.600000
6.700000
6.800000
6.900000
7.000000
7.100000
7.200000
7.300000
7.400000
7.500000
7.600000
7.700000
7.800000
7.900000
8.000000
8.100000
8.200000
8.300000
8.400000
8.500000
8.600000
8.700000
8.800000
8.900000
9.000000
9.100000
9.200000
9.300000
9.400000
9.500000
9.600000
9.700000
9.800000
9.900000
10.000000
10.100000
10.200000
10.300000
10.400000
10.500000
10.600000
10.700000
10.800000
10.900000
11.000000
11.100000
11.200000
11.300000
11.400000
11.500000
11.600000
11.700000
11.800000
11.900000
12.000000
12.100000
12.200000
12.300000
12.400000
12.500000
12.600000
12.700000
12.800000
12.900000
13.000000
13.100000
13.200000
13.300000
13.400000
13.500000
13.600000
13.700000
13.800000
13.900000
14.000000
14.100000
14.200000
14.300000
14.400000
14.500000
14.600000
14.700000
14.800000
14.900000
15.000000
15.100000
15.200000
15.300000
15.400000
15.500000
15.600000
15.700000
15.800000
15.900000
16.000000
16.100000
16.200000
16.300000
16.400000
16.500000
16.600000
16.700000
16.800000
16.900000
17.000000
17.100000
17.200000
17.300000
17.400000
17.500000
17.600000
17.700000
17.800000
17.900000
18.000000
18.100000
18.200000
18.300000
18.400000
18.500000
18.600000
18.700000
18.800000
18.900000
19.000000
19.100000
19.200000
19.300000
19.400000
19.500000
19.600000
19.700000
19.800000
19.900000
20.000000
20.100000
20.200000
20.300000
20.400000
20.500000
20.600000
20.700000
20.800000
20.900000
21.000000
21.100000
21.200000
21.300000
21.400000
21.500000
21.600000
21.700000
21.800000
21.900000
22.000000
22.100000
22.200000
22.300000
22.400000
22.500000
22.600000
22.700000
22.800000
22.900000
23.000000
23.100000
23.200000
23.300000
23.400000
23.500000
23.600000
23.700000
23.800000
23.900000
24.000000
24.100000
24.200000
24.300000
24.400000
24.500000
24.600000
24.700000
24.800000
24.900000
25.000000
25.100000
25.200000
25.300000
25.400000
25.500000
25.600000
25.700000
25.800000
25.900000
26.000000
26.100000
26.200000
26.300000
26.400000
26.500000
26.600000
26.700000
26.800000
26.900000
27.000000
27.100000
27.200000
27.300000
27.400000
27.500000
27.600000
27.700000
27.800000
27.900000
28.000000
28.100000
28.200000
28.300000
28.400000
28.500000
28.600000
28.700000
28.800000
28.900000
29.000000
29.100000
29.200000
29.300000
29.400000
29.500000
29.600000
29.700000
29.800000
29.900000
30.000000
30.100000
30.200000
30.300000
30.400000
30.500000
30.600000
30.700000
30.800000
30.900000
31.000000
31.100000
31.200000
31.300000
31.400000
31.500000
31.600000
31.700000
31.800000
31.900000
32.000000
32.100000
32.200000
32.300000
32.400000
32.500000
32.600000
32.700000
32.800000
32.900000
33.000000
33.100000
33.200000
33.300000
33.400000
33.500000
33.600000
33.700000
33.800000
33.900000
34.000000
34.100000
34.200000
34.300000
34.400000
34.500000
34.600000
34.700000
34.800000
34.900000
35.000000
35.100000
35.200000
35.300000
35.400000
35.500000
35.600000
35.700000
35.800000
35.900000
36.000000
36.100000
36.200000
36.300000
36.400000
36.500000
36.600000
36.700000
36.800000
36.900000
37.000000
37.100000
37.200000
37.300000
37.400000
37.500000
37.600000
37.700000
37.800000
37.900000
38.000000
38.100000
38.200000
38.300000
38.400000
38.500000
38.600000
38.700000
38.800000
38.900000
39.000000
39.100000
39.200000
39.300000
39.400000
39.500000
39.600000
39.700000
39.800000
39.900000
40.000000
40.100000
40.200000
40.300000
40.400000
40.500000
40.600000
40.700000
40.800000
40.900000
41.000000
41.100000
41.200000
41.300000
41.400000
41.500000
41.600000
41.700000
41.800000
41.900000
42.000000
42.100000
42.200000
42.300000
42.400000
42.500000
42.600000
42.700000
42.800000
42.900000
43.000000
43.100000
43.200000
43.300000
43.400000
43.500000
43.600000
43.700000
43.800000
43.900000
44.000000
44.100000
44.200000
44.300000
44.400000
44.500000
44.600000
44.700000
44.800000
44.900000
45.000000
45.100000
45.200000
45.300000
45.400000
45.500000
45.600000
45.700000
45.800000
45.900000
46.000000
46.100000
46.200000
46.300000
46.400000
46.500000
46.600000
46.700000
46.800000
46.900000
47.000000
47.100000
47.200000
47.300000
47.400000
47.500000
47.600000
47.700000
47.800000
47.900000
48.000000
48.100000
48.200000
48.300000
48.400000
48.500000
48.600000
48.700000
48.800000
48.900000
49.000000
49.100000
49.200000
49.300000
49.400000
49.500000
49.600000
49.700000
49.800000
49.900000
50.000000
50.100000
50.200000
50.300000
50.400000
50.500000
50.600000
50.700000
50.800000
50.900000
51.000000
51.100000
51.200000
51.300000
51.400000
51.500000
51.600000
51.700000
51.800000
51.900000
52.000000
52.100000
52.200000
52.300000
52.400000
52.500000
52.600000
52.700000
52.800000
52.900000
53.000000
53.100000
53.200000
53.300000
53.400000
53.500000
53.600000
53.700000
53.800000
53.900000
54.000000
54.100000
54.200000
54.300000
54.400000
54.500000
54.600000
54.700000
54.800000
54.900000
55.000000
55.100000
55.200000
55.300000
55.400000
55.500000
55.600000
55.700000
55.800000
55.900000
56.000000
56.100000
56.200000
56.300000
56.400000
56.500000
56.600000
56.700000
56.800000
56.900000
57.000000
57.100000
57.200000
57.300000
57.400000
57.500000
57.600000
57.700000
57.800000
57.900000
58.000000
58.100000
58.200000
58.300000
58.400000
58.500000
58.600000
58.700000
58.800000
58.900000
59.000000
59.100000
59.200000
59.300000
59.400000
59.500000
59.600000
59.700000
59.800000
59.900000
60.000000
60.100000
60.200000
60.300000
60.400000
60.500000
60.600000
60.700000
60.800000
60.900000
61.000000
61.100000
61.200000
61.300000
61.400000
61.500000
61.600000
61.700000
61.800000
61.900000
62.000000
62.100000
62.200000
62.300000
62.400000
62.500000
62.600000
62.700000
62.800000
62.900000
63.000000
63.100000
63.200000
63.300000
63.400000
63.500000
63.600000
63.700000
63.800000
63.900000
64.000000
64.100000
64.200000
64.300000
64.400000
64.500000
64.600000
64.700000
64.800000
64.900000
65.000000
65.100000
65.200000
65.300000
65.400000
65.500000
65.600000
65.700000
65.800000
65.900000
66.000000
66.100000
66.200000
66.300000
66.400000
66.500000
66.600000
66.700000
66.800000
66.900000
67.000000
67.100000
67.200000
67.300000
67.400000
67.500000
67.600000
67.700000
67.800000
67.900000
68.000000
68.100000
68.200000
68.300000
68.400000
68.500000
68.600000
68.700000
68.800000
68.900000
69.000000
69.100000
69.200000
69.300000
69.400000
69.500000
69.600000
69.700000
69.800000
69.900000
70.000000
70.100000
70.200000
70.300000
70.400000
70.500000
70.600000
70.700000
70.800000
70.900000
71.000000
71.100000
71.200000
71.300000
71.400000
71.500000
71.600000
71.700000
71.800000
71.900000
72.000000
72.100000
72.200000
72.300000
72.400000
72.500000
72.600000
72.700000
72.800000
72.900000
73.000000
73.100000
73.200000
73.300000
73.400000
73.500000
73.600000
73.700000
73.800000
73.900000
74.000000
74.100000
74.200000
74.300000
74.400000
74.500000
74.600000
74.700000
74.800000
74.900000
75.000000
75.100000
75.200000
75.300000
75.400000
75.500000
75.600000
75.700000
75.800000
75.900000
76.000000
76.100000
76.200000
76.300000
76.400000
76.500000
76.600000
76.700000
76.800000
76.900000
77.000000
77.100000
77.200000
77.300000
77.400000
77.500000
77.600000
77.700000
77.800000
77.900000
78.000000
78.100000
78.200000
78.300000
78.400000
78.500000
78.600000
78.700000
78.800000
78.900000
79.000000
79.100000
79.200000
79.300000
79.400000
79.500000
79.600000
79.700000
79.800000
79.900000
80.000000
80.100000
80.200000
80.300000
80.400000
80.500000
80.600000
80.700000
80.800000
80.900000
81.000000
81.100000
81.200000
81.300000
81.400000
81.500000
81.600000
81.700000
81.800000
81.900000
82.000000
82.100000
82.200000
82.300000
82.400000
82.500000
82.600000
82.700000
82.800000
82.900000
83.000000
83.100000
83.200000
83.300000
83.400000
83.500000
83.600000
83.700000
83.800000
83.900000
84.000000
84.100000
84.200000
84.300000
84.400000
84.500000
84.600000
84.700000
84.800000
84.900000
85.000000
85.100000
85.200000
85.300000
85.400000
85.500000
85.600000
85.700000
85.800000
85.900000
86.000000
86.100000
86.200000
86.300000
86.400000
86.500000
86.600000
86.700000
86.800000
86.900000
87.000000
87.100000
87.200000
87.300000
87.400000
87.500000
87.600000
87.700000
87.800000
87.900000
88.000000
88.100000
88.200000
88.300000
88.400000
88.500000
88.600000
88.700000
88.800000
88.900000
89.000000
89.100000
89.200000
89.300000
89.400000
89.500000
89.600000
89.700000
89.800000
89.900000
90.000000
90.100000
90.200000
90.300000
90.400000
90.500000
90.600000
90.700000
90.800000
90.900000
91.000000
91.100000
91.200000
91.300000
91.400000
91.500000
91.600000
91.700000
91.800000
91.900000
92.000000
92.100000
92.200000
92.300000
92.400000
92.500000
92.600000
92.700000
92.800000
92.900000
93.000000
93.100000
93.200000
93.300000
93.400000
93.500000
93.600000
93.700000
93.800000
93.900000
94.000000
94.100000
94.200000
94.300000
94.400000
94.500000
94.600000
94.700000
94.800000
94.900000
95.000000
95.100000
95.200000
95.300000
95.400000
95.500000
95.600000
95.700000
95.800000
95.900000
96.000000
96.100000
96.200000
96.300000
96.400000
96.500000
96.600000
96.700000
96.800000
96.900000
97.000000
97.100000
97.200000
97.300000
97.400000
97.500000
97.600000
97.700000
97.800000
97.900000
98.000000
98.100000
98.200000
98.300000
98.400000
98.500000
98.600000
98.700000
98.800000
98.900000
99.000000
99.100000
99.200000
99.300000
99.400000
99.500000
99.600000
99.700000
99.800000
99.900000
100.000000
100.100000
100.200000
100.300000
100.400000
100.500000
100.600000
100.700000
100.800000
100.900000
101.000000
101.100000
101.200000
101.300000
101.400000
101.500000
101.600000
101.700000
101.800000
101.900000
102.000000
102.100000
102.200000
102.300000
102.400000
102.500000
102.600000
102.700000
102.800000
102.900000
103.000000
103.100000
103.200000
103.300000
103.400000
103.500000
103.600000
103.700000
103.800000
103.900000
104.000000
104.100000
104.200000
104.300000
104.400000
104.500000
104.600000
104.700000
104.800000
104.900000
105.000000
105.100000
105.200000
105.300000
105.400000
105.500000
105.600000
105.700000
105.800000
105.900000
106.000000
106.100000
106.200000
106.300000
106.400000
106.500000
106.600000
106.700000
106.800000
106.900000
107.000000
107.100000
107.200000
107.300000
107.400000
107.500000
107.600000
107.700000
107.800000
107.900000
108.000000
108.100000
108.200000
108.300000
108.400000
108.500000
108.600000
108.700000
108.800000
108.900000
109.000000
109.100000
109.200000
109.300000
109.400000
109.500000
109.600000
109.700000
109.800000
109.900000
110.000000
110.100000
110.200000
110.300000
110.400000
110.500000
110.600000
110.700000
110.800000
110.900000
111.000000
111.100000
111.200000
111.300000
111.400000
111.500000
111.600000
111.700000
111.800000
111.900000
112.000000
112.100000
112.200000
112.300000
112.400000
112.500000
112.600000
112.700000
112.800000
112.900000
113.000000
113.100000
113.200000
113.300000
113.400000
113.500000
113.600000
113.700000
113.800000
113.900000
114.000000
114.100000
114.200000
114.300000
114.400000
114.500000
114.600000
114.700000
114.800000
114.900000
115.000000
115.100000
115.200000
115.300000
115.400000
115.500000
115.600000
115.700000
115.800000
115.900000
116.000000
116.100000
116.200000
116.300000
116.400000
116.500000
116.600000
116.700000
116.800000
116.900000
117.000000
117.100000
117.200000
117.300000
117.400000
117.500000
117.600000
117.700000
117.800000
117.900000
118.000000
118.100000
118.200000
118.300000
118.400000
118.500000
118.600000
118.700000
118.800000
118.900000
119.000000
119.100000
119.200000
119.300000
119.400000
119.500000
119.600000
119.700000
119.800000
119.900000
120.000000
120.100000
120.200000
120.300000
120.400000
120.500000
120.600000
120.700000
120.800000
120.900000
121.000000
121.100000
121.200000
121.300000
121.400000
121.500000
121.600000
121.700000
121.800000
121.900000
122.000000
122.100000
122.200000
122.300000
122.400000
122.500000
122.600000
122.700000
122.800000
122.900000
123.000000
123.100000
123.200000
123.300000
123.400000
123.500000
123.600000
123.700000
123.800000
123.900000
124.000000
124.100000
124.200000
124.300000
124.400000
124.500000
124.600000
124.700000
124.800000
124.900000
125.000000
125.100000
125.200000
125.300000
125.400000
125.500000
125.600000
125.700000
125.800000
125.900000
126.000000
126.100000
126.200000
126.300000
126.400000
126.500000
126.600000
126.700000
126.800000
126.900000
127.000000
127.100000
127.200000
127.300000
127.400000
127.500000
127.600000
127.700000
127.800000
127.900000
128.000000
128.100000
128.200000
128.300000
128.400000
128.500000
128.600000
128.700000
128.800000
128.900000
129.000000
129.100000
129.200000
129.300000
129.400000
129.500000
129.600000
129.700000
129.800000
129.900000
130.000000
130.100000
130.200000
130.300000
130.400000
130.500000
130.600000
130.700000
130.800000
130.900000
131.000000
131.100000
131.200000
131.300000
131.400000
131.500000
131.600000
131.700000
131.800000
131.900000
132.000000
132.100000
132.200000
132.300000
132.400000
132.500000
132.600000
132.700000
132.800000
132.900000
133.000000
133.100000
133.200000
133.300000
133.400000
133.500000
133.600000
133.700000
133.800000
133.900000
134.000000
134.100000
134.200000
134.300000
134.400000
134.500000
134.600000
134.700000
134.800000
134.900000
135.000000
135.100000
135.200000
135.300000
135.400000
135.500000
135.600000
135.700000
135.800000
135.900000
136.000000
136.100000
136.200000
136.300000
136.400000
136.500000
136.600000
136.700000
136.800000
136.900000
137.000000
137.100000
137.200000
137.300000
137.400000
137.500000
137.600000
137.700000
137.800000
137.900000
138.000000
138.100000
138.200000
138.300000
138.400000
138.500000
138.600000
138.700000
138.800000
138.900000
139.000000
139.100000
139.200000
139.300000
139.400000
139.500000
139.600000
139.700000
139.800000
139.900000
140.000000
140.100000
140.200000
140.300000
140.400000
140.500000
140.600000
140.700000
140.800000
140.900000
141.000000
141.100000
141.200000
141.300000
141.400000
141.500000
141.600000
141.700000
141.800000
141.900000
142.000000
142.100000
142.200000
142.300000
142.400000
142.500000
142.600000
142.700000
142.800000
142.900000
143.000000
143.100000
143.200000
143.300000
143.400000
143.500000
143.600000
143.700000
143.800000
143.900000
144.000000
144.100000
144.200000
144.300000
144.400000
144.500000
144.600000
144.700000
144.800000
144.900000
145.000000
145.100000
145.200000
145.300000
145.400000
145.500000
145.600000
145.700000
145.800000
145.900000
146.000000
146.100000
146.200000
146.300000
146.400000
146.500000
146.600000
146.700000
146.800000
146.900000
147.000000
147.100000
147.200000
147.300000
147.400000
147.500000
147.600000
147.700000
147.800000
147.900000
148.000000
148.100000
148.200000
148.300000
148.400000
148.500000
148.600000
148.700000
148.800000
148.900000
149.000000
149.100000
149.200000
149.300000
149.400000
149.500000
149.600000
149.700000
149.800000
149.900000
150.000000
150.100000
150.200000
150.300000
150.400000
150.500000
150.600000
150.700000
150.800000
150.900000
151.000000
151.100000
151.200000
151.300000
151.400000
151.500000
151.600000
151.700000
151.800000
151.900000
152.000000
152.100000
152.200000
152.300000
152.400000
152.500000
152.600000
152.700000
152.800000
152.900000
153.000000
153.100000
153.200000
153.300000
153.400000
153.500000
153.600000
153.700000
153.800000
153.900000
154.000000
154.100000
154.200000
154.300000
154.400000
154.500000
154.600000
154.700000
154.800000
154.900000
155.000000
155.100000
155.200000
155.300000
155.400000
155.500000
155.600000
155.700000
155.800000
155.900000
156.000000
156.100000
156.200000
156.300000
156.400000
156.500000
156.600000
156.700000
156.800000
156.900000
157.000000
157.100000
157.200000
157.300000
157.400000
157.500000
157.600000
157.700000
157.800000
157.900000
158.000000
158.100000
158.200000
158.300000
158.400000
158.500000
158.600000
158.700000
158.800000
158.900000
159.000000
159.100000
159.200000
159.300000
159.400000
159.500000
159.600000
159.700000
159.800000
159.900000
160.000000
160.100000
160.200000
160.300000
160.400000
160.500000
160.600000
160.700000
160.800000
160.900000
161.000000
161.100000
161.200000
161.300000
161.400000
161.500000
161.600000
161.700000
161.800000
161.900000
162.000000
162.100000
162.200000
162.300000
162.400000
162.500000
162.600000
162.700000
162.800000
162.900000
163.000000
163.100000
163.200000
163.300000
163.400000
163.500000
163.600000
163.700000
163.800000
163.900000
164.000000
164.100000
164.200000
164.300000
164.400000
164.500000
164.600000
164.700000
164.800000
164.900000
165.000000
165.100000
165.200000
165.300000
165.400000
165.500000
165.600000
165.700000
165.800000
165.900000
166.000000
166.100000
166.200000
166.300000
166.400000
166.500000
166.600000
166.700000
166.800000
166.900000
167.000000
167.100000
167.200000
167.300000
167.400000
167.500000
167.600000
167.700000
167.800000
167.900000
168.000000
168.100000
168.200000
168.300000
168.400000
168.500000
168.600000
168.700000
168.800000
168.900000
169.000000
169.100000
169.200000
169.300000
169.400000
169.500000
169.600000
169.700000
169.800000
169.900000
170.000000
170.100000
170.200000
170.300000
170.400000
170.500000
170.600000
170.700000
170.800000
170.900000
171.000000
171.100000
171.200000
171.300000
171.400000
171.500000
171.600000
171.700000
171.800000
171.900000
172.000000
172.100000
172.200000
172.300000
172.400000
172.500000
172.600000
172.700000
172.800000
172.900000
173.000000
173.100000
173.200000
173.300000
173.400000
173.500000
173.600000
173.700000
173.800000
173.900000
174.000000
174.100000
174.200000
174.300000
174.400000
174.500000
174.600000
174.700000
174.800000
174.900000
175.000000
175.100000
175.200000
175.300000
175.400000
175.500000
175.600000
175.700000
175.800000
175.900000
176.000000
176.100000
176.200000
176.300000
176.400000
176.500000
176.600000
176.700000
176.800000
176.900000
177.000000
177.100000
177.200000
177.300000
177.400000
177.500000
177.600000
177.700000
177.800000
177.900000
178.000000
178.100000
178.200000
178.300000
178.400000
178.500000
178.600000
178.700000
178.800000
178.900000
179.000000
179.100000
179.200000
179.300000
179.400000
179.500000
179.600000
179.700000
179.800000
179.900000
180.000000
180.100000
180.200000
180.300000
180.400000
180.500000
180.600000
180.700000
180.800000
180.900000
181.000000
181.100000
181.200000
181.300000
181.400000
181.500000
181.600000
181.700000
181.800000
181.900000
182.000000
182.100000
182.200000
182.300000
182.400000
182.500000
182.600000
182.700000
182.800000
182.900000
183.000000
183.100000
183.200000
183.300000
183.400000
183.500000
183.600000
183.700000
183.800000
183.900000
184.000000
184.100000
184.200000
184.300000
184.400000
184.500000
184.600000
184.700000
184.800000
184.900000
185.000000
185.100000
185.200000
185.300000
185.400000
185.500000
185.600000
185.700000
185.800000
185.900000
186.000000
186.100000
186.200000
186.300000
186.400000
186.500000
186.600000
186.700000
186.800000
186.900000
187.000000
187.100000
187.200000
187.300000
187.400000
187.500000
187.600000
187.700000
187.800000
187.900000
188.000000
188.100000
188.200000
188.300000
188.400000
188.500000
188.600000
188.700000
188.800000
188.900000
189.000000
189.100000
189.200000
189.300000
189.400000
189.500000
189.600000
189.700000
189.800000
189.900000
190.000000
190.100000
190.200000
190.300000
190.400000
190.500000
190.600000
190.700000
190.800000
190.900000
191.000000
191.100000
191.200000
191.300000
191.400000
191.500000
191.600000
191.700000
191.800000
191.900000
192.000000
192.100000
192.200000
192.300000
192.400000
192.500000
192.600000
192.700000
192.800000
192.900000
193.000000
193.100000
193.200000
193.300000
193.400000
193.500000
193.600000
193.700000
193.800000
193.900000
194.000000
194.100000
194.200000
194.300000
194.400000
194.500000
194.600000
194.700000
194.800000
194.900000
195.000000
195.100000
195.200000
195.300000
195.400000
195.500000
195.600000
195.700000
195.800000
195.900000
196.000000
196.100000
196.200000
196.300000
196.400000
196.500000
196.600000
196.700000
196.800000
196.900000
197.000000
197.100000
197.200000
197.300000
197.400000
197.500000
197.600000
197.700000
197.800000
197.900000
198.000000
198.100000
198.200000
198.300000
198.400000
198.500000
198.600000
198.700000
198.800000
198.900000
199.000000
199.100000
199.200000
199.300000
199.400000
199.500000
199.600000
199.700000
199.800000
199.900000
200.000000
200.100000
200.200000
200.300000
200.400000
200.500000
200.600000
200.700000
200.800000
200.900000
201.000000
201.100000
201.200000
201.300000
201.400000
201.500000
201.600000
201.700000
201.800000
201.900000
202.000000
202.100000
202.200000
202.300000
202.400000
202.500000
202.600000
202.700000
202.800000
202.900000
203.000000
203.100000
203.200000
203.300000
203.400000
203.500000
203.600000
203.700000
203.800000
203.900000
204.000000
204.100000
204.200000
204.300000
204.400000
204.500000
204.600000
204.700000
204.800000
204.900000
205.000000
205.100000
205.200000
205.300000
205.400000
205.500000
205.600000
205.700000
205.800000
205.900000
206.000000
206.100000
206.200000
206.300000
206.400000
206.500000
206.600000
206.700000
206.800000
206.900000
207.000000
207.100000
207.200000
207.300000
207.400000
207.500000
207.600000
207.700000
207.800000
207.900000
208.000000
208.100000
208.200000
208.300000
208.400000
208.500000
208.600000
208.700000
208.800000
208.900000
209.000000
209.100000
209.200000
209.300000
209.400000
209.500000
209.600000
209.700000
209.800000
209.900000
210.000000
210.100000
210.200000
210.300000
210.400000
210.500000
210.600000
210.700000
210.800000
210.900000
211.000000
211.100000
211.200000
211.300000
211.400000
211.500000
211.600000
211.700000
211.800000
211.900000
212.000000
212.100000
212.200000
212.300000
212.400000
212.500000
212.600000
212.700000
212.800000
212.900000
213.000000
213.100000
213.200000
213.300000
213.400000
213.500000
213.600000
213.700000
213.800000
213.900000
214.000000
214.100000
214.200000
214.300000
214.400000
214.500000
214.600000
214.700000
214.800000
214.900000
215.000000
215.100000
215.200000
215.300000
215.400000
215.500000
215.600000
215.700000
215.800000
215.900000
216.000000
216.100000
216.200000
216.300000
216.400000
216.500000
216.600000
216.700000
216.800000
216.900000
217.000000
217.100000
217.200000
217.300000
217.400000
217.500000
217.600000
217.700000
217.800000
217.900000
218.000000
218.100000
218.200000
218.300000
218.400000
218.500000
218.600000
218.700000
218.800000
218.900000
219.000000
219.100000
219.200000
219.300000
219.400000
219.500000
219.600000
219.700000
219.800000
219.900000
220.000000
220.100000
220.200000
220.300000
220.400000
220.500000
220.600000
220.700000
220.800000
220.900000
221.000000
221.100000
221.200000
221.300000
221.400000
221.500000
221.600000
221.700000
221.800000
221.900000
222.000000
222.100000
222.200000
222.300000
222.400000
222.500000
222.600000
222.700000
222.800000
222.900000
223.000000
223.100000
223.200000
223.300000
223.400000
223.500000
223.600000
223.700000
223.800000
223.900000
224.000000
224.100000
224.200000
224.300000
224.400000
224.500000
224.600000
224.700000
224.800000
224.900000
225.000000
225.100000
225.200000
225.300000
225.400000
225.500000
225.600000
225.700000
225.800000
225.900000
226.000000
226.100000
226.200000
226.300000
226.400000
226.500000
226.600000
226.700000
226.800000
226.900000
227.000000
227.100000
227.200000
227.300000
227.400000
227.500000
227.600000
227.700000
227.800000
227.900000
228.000000
228.100000
228.200000
228.300000
228.400000
228.500000
228.600000
228.700000
228.800000
228.900000
229.000000
229.100000
229.200000
229.300000
229.400000
229.500000
229.600000
229.700000
229.800000
229.900000
230.000000
230.100000
230.200000
230.300000
230.400000
230.500000
230.600000
230.700000
230.800000
230.900000
231.000000
231.100000
231.200000
231.300000
231.400000
231.500000
231.600000
231.700000
231.800000
231.900000
232.000000
232.100000
232.200000
232.300000
232.400000
232.500000
232.600000
232.700000
232.800000
232.900000
233.000000
233.100000
233.200000
233.300000
233.400000
233.500000
233.600000
233.700000
233.800000
233.900000
234.000000
234.100000
234.200000
234.300000
234.400000
234.500000
234.600000
234.700000
234.800000
234.900000
235.000000
235.100000
235.200000
235.300000
235.400000
235.500000
235.600000
235.700000
235.800000
235.900000
236.000000
236.100000
236.200000
236.300000
236.400000
236.500000
236.600000
236.700000
236.800000
236.900000
237.000000
237.100000
237.200000
237.300000
237.400000
237.500000
237.600000
237.700000
237.800000
237.900000
238.000000
238.100000
238.200000
238.300000
238.400000
238.500000
238.600000
238.700000
238.800000
238.900000
239.000000
239.100000
239.200000
239.300000
239.400000
239.500000
239.600000
239.700000
239.800000
239.900000
240.000000
240.100000
240.200000
240.300000
240.400000
240.500000
240.600000
240.700000
240.800000
240.900000
241.000000
241.100000
241.200000
241.300000
241.400000
241.500000
241.600000
241.700000
241.800000
241.900000
242.000000
242.100000
242.200000
242.300000
242.400000
242.500000
242.600000
242.700000
242.800000
242.900000
243.000000
243.100000
243.200000
243.300000
243.400000
243.500000
243.600000
243.700000
243.800000
243.900000
244.000000
244.100000
244.200000
244.300000
244.400000
244.500000
244.600000
244.700000
244.800000
244.900000
245.000000
245.100000
245.200000
245.300000
245.400000
245.500000
245.600000
245.700000
245.800000
245.900000
246.000000
246.100000
246.200000
246.300000
246.400000
246.500000
246.600000
246.700000
246.800000
246.900000
247.000000
247.100000
247.200000
247.300000
247.400000
247.500000
247.600000
247.700000
247.800000
247.900000
248.000000
248.100000
248.200000
248.300000
248.400000
248.500000
248.600000
248.700000
248.800000
248.900000
249.000000
249.100000
249.200000
249.300000
249.400000
249.500000
249.600000
249.700000
249.800000
249.900000
250.000000
250.100000
250.200000
250.300000
250.400000
250.500000
250.600000
250.700000
250.800000
250.900000
251.000000
251.100000
251.200000
251.300000
251.400000
251.500000
251.600000
251.700000
251.800000
251.900000
252.000000
252.100000
252.200000
252.300000
252.400000
252.500000
252.600000
252.700000
252.800000
252.900000
253.000000
253.100000
253.200000
253.300000
253.400000
253.500000
253.600000
253.700000
253.800000
253.900000
254.000000
254.100000
254.200000
254.300000
254.400000
254.500000
254.600000
254.700000
254.800000
254.900000
255.000000
255.100000
255.200000
255.300000
255.400000
255.500000
255.600000
255.700000
255.800000
255.900000
256.000000
256.100000
256.200000
256.300000
256.400000
256.500000
256.600000
256.700000
256.800000
256.900000
257.000000
257.100000
257.200000
257.300000
257.400000
257.500000
257.600000
257.700000
257.800000
257.900000
258.000000
258.100000
258.200000
258.300000
258.400000
258.500000
258.600000
258.700000
258.800000
258.900000
259.000000
259.100000
259.200000
259.300000
259.400000
259.500000
259.600000
259.700000
259.800000
259.900000
260.000000
260.100000
260.200000
260.300000
260.400000
260.500000
260.600000
260.700000
260.800000
260.900000
261.000000
261.100000
261.200000
261.300000
261.400000
261.500000
261.600000
261.700000
261.800000
261.900000
262.000000
262.100000
262.200000
262.300000
262.400000
262.500000
262.600000
262.700000
262.800000
262.900000
263.000000
263.100000
263.200000
263.300000
263.400000
263.500000
263.600000
263.700000
263.800000
263.900000
264.000000
264.100000
264.200000
264.300000
264.400000
264.500000
264.600000
264.700000
264.800000
264.900000
265.000000
265.100000
265.200000
265.300000
265.400000
265.500000
265.600000
265.700000
265.800000
265.900000
266.000000
266.100000
266.200000
266.300000
266.400000
266.500000
266.600000
266.700000
266.800000
266.900000
267.000000
267.100000
267.200000
267.300000
267.400000
267.500000
267.600000
267.700000
267.800000
267.900000
268.000000
268.100000
268.200000
268.300000
268.400000
268.500000
268.600000
268.700000
268.800000
268.900000
269.000000
269.100000
269.200000
269.300000
269.400000
269.500000
269.600000
269.700000
269.800000
269.900000
270.000000
270.100000
270.200000
270.300000
270.400000
270.500000
270.600000
270.700000
270.800000
270.900000
271.000000
271.100000
271.200000
271.300000
271.400000
271.500000
271.600000
271.700000
271.800000
271.900000
272.000000
272.100000
272.200000
272.300000
272.400000
272.500000
272.600000
272.700000
272.800000
272.900000
273.000000
273.100000
273.200000
273.300000
273.400000
273.500000
273.600000
273.700000
273.800000
273.900000
274.000000
274.100000
274.200000
274.300000
274.400000
274.500000
274.600000
274.700000
274.800000
274.900000
275.000000
275.100000
275.200000
275.300000
275.400000
275.500000
275.600000
275.700000
275.800000
275.900000
276.000000
276.100000
276.200000
276.300000
276.400000
276.500000
276.600000
276.700000
276.800000
276.900000
277.000000
277.100000
277.200000
277.300000
277.400000
277.500000
277.600000
277.700000
277.800000
277.900000
278.000000
278.100000
278.200000
278.300000
278.400000
278.500000
278.600000
278.700000
278.800000
278.900000
279.000000
279.100000
279.200000
279.300000
279.400000
279.500000
279.600000
279.700000
279.800000
279.900000
280.000000
280.100000
280.200000
280.300000
280.400000
280.500000
280.600000
280.700000
280.800000
280.900000
281.000000
281.100000
281.200000
281.300000
281.400000
281.500000
281.600000
281.700000
281.800000
281.900000
282.000000
282.100000
282.200000
282.300000
282.400000
282.500000
282.600000
282.700000
282.800000
282.900000
283.000000
283.100000
283.200000
283.300000
283.400000
283.500000
283.600000
283.700000
283.800000
283.900000
284.000000
284.100000
284.200000
284.300000
284.400000
284.500000
284.600000
284.700000
284.800000
284.900000
285.000000
285.100000
285.200000
285.300000
285.400000
285.500000
285.600000
285.700000
285.800000
285.900000
286.000000
286.100000
286.200000
286.300000
286.400000
286.500000
286.600000
286.700000
286.800000
286.900000
287.000000
287.100000
287.200000
287.300000
287.400000
287.500000
287.600000
287.700000
287.800000
287.900000
288.000000
288.100000
288.200000
288.300000
288.400000
288.500000
288.600000
288.700000
288.800000
288.900000
289.000000
289.100000
289.200000
289.300000
289.400000
289.500000
289.600000
289.700000
289.800000
289.900000
290.000000
290.100000
290.200000
290.300000
290.400000
290.500000
290.600000
290.700000
290.800000
290.900000
291.000000
291.100000
291.200000
291.300000
291.400000
291.500000
291.600000
291.700000
291.800000
291.900000
292.000000
292.100000
292.200000
292.300000
292.400000
292.500000
292.600000
292.700000
292.800000
292.900000
293.000000
293.100000
293.200000
293.300000
293.400000
293.500000
293.600000
293.700000
293.800000
293.900000
294.000000
294.100000
294.200000
294.300000
294.400000
294.500000
294.600000
294.700000
294.800000
294.900000
295.000000
295.100000
295.200000
295.300000
295.400000
295.500000
295.600000
295.700000
295.800000
295.900000
296.000000
296.100000
296.200000
296.300000
296.400000
296.500000
296.600000
296.700000
296.800000
296.900000
297.000000
297.100000
297.200000
297.300000
297.400000
297.500000
297.600000
297.700000
297.800000
297.900000
298.000000
298.100000
298.200000
298.300000
298.400000
298.500000
298.600000
298.700000
298.800000
298.900000
299.000000
299.100000
299.200000
299.300000
299.400000
299.500000
299.600000
299.700000
299.800000
299.900000
300.000000
300.100000
300.200000
300.300000
300.400000
300.500000
300.600000
300.700000
300.800000
300.900000
301.000000
301.100000
301.200000
301.300000
301.400000
301.500000
301.600000
301.700000
301.800000
301.900000
302.000000
302.100000
302.200000
302.300000
302.400000
302.500000
302.600000
302.700000
302.800000
302.900000
303.000000
303.100000
303.200000
303.300000
303.400000
303.500000
303.600000
303.700000
303.800000
303.900000
304.000000
304.100000
304.200000
304.300000
304.400000
304.500000
304.600000
304.700000
304.800000
304.900000
305.000000
305.100000
305.200000
305.300000
305.400000
305.500000
305.600000
305.700000
305.800000
305.900000
306.000000
306.100000
306.200000
306.300000
306.400000
306.500000
306.600000
306.700000
306.800000
306.900000
307.000000
307.100000
307.200000
307.300000
307.400000
307.500000
307.600000
307.700000
307.800000
307.900000
308.000000
308.100000
308.200000
308.300000
308.400000
308.500000
308.600000
308.700000
308.800000
308.900000
309.000000
309.100000
309.200000
309.300000
309.400000
309.500000
309.600000
309.700000
309.800000
309.900000
310.000000
310.100000
310.200000
310.300000
310.400000
310.500000
310.600000
310.700000
310.800000
310.900000
311.000000
311.100000
311.200000
311.300000
311.400000
311.500000
311.600000
311.700000
311.800000
311.900000
312.000000
312.100000
312.200000
312.300000
312.400000
312.500000
312.600000
312.700000
312.800000
312.900000
313.000000
313.100000
313.200000
313.300000
313.400000
313.500000
313.600000
313.700000
313.800000
313.900000
314.000000
314.100000
314.200000
314.300000
314.400000
314.500000
314.600000
314.700000
314.800000
314.900000
315.000000
315.100000
315.200000
315.300000
315.400000
315.500000
315.600000
315.700000
315.800000
315.900000
316.000000
316.100000
316.200000
316.300000
316.400000
316.500000
316.600000
316.700000
316.800000
316.900000
317.000000
317.100000
317.200000
317.300000
317.400000
317.500000
317.600000
317.700000
317.800000
317.900000
318.000000
318.100000
318.200000
318.300000
318.400000
318.500000
318.600000
318.700000
318.800000
318.900000
319.000000
319.100000
319.200000
319.300000
319.400000
319.500000
319.600000
319.700000
319.800000
319.900000
320.000000
320.100000
320.200000
320.300000
320.400000
320.500000
320.600000
320.700000
320.800000
320.900000
321.000000
321.100000
321.200000
321.300000
321.400000
321.500000
321.600000
321.700000
321.800000
321.900000
322.000000
322.100000
322.200000
322.300000
322.400000
322.500000
322.600000
322.700000
322.800000
322.900000
323.000000
323.100000
323.200000
323.300000
323.400000
323.500000
323.600000
323.700000
323.800000
323.900000
324.000000
324.100000
324.200000
324.300000
324.400000
324.500000
324.600000
324.700000
324.800000
324.900000
325.000000
325.100000
325.200000
325.300000
325.400000
325.500000
325.600000
325.700000
325.800000
325.900000
326.000000
326.100000
326.200000
326.300000
326.400000
326.500000
326.600000
326.700000
326.800000
326.900000
327.000000
327.100000
327.200000
327.300000
327.400000
327.500000
327.600000
327.700000
327.800000
327.900000
328.000000
328.100000
328.200000
328.300000
328.400000
328.500000
328.600000
328.700000
328.800000
328.900000
329.000000
329.100000
329.200000
329.300000
329.400000
329.500000
329.600000
329.700000
329.800000
329.900000
330.000000
330.100000
330.200000
330.300000
330.400000
330.500000
330.600000
330.700000
330.800000
330.900000
331.000000
331.100000
331.200000
331.300000
331.400000
331.500000
331.600000
331.700000
331.800000
331.900000
332.000000
332.100000
332.200000
332.300000
332.400000
332.500000
332.600000
332.700000
332.800000
332.900000
333.000000
333.100000
333.200000
333.300000
333.400000
333.500000
333.600000
333.700000
333.800000
333.900000
334.000000
334.100000
334.200000
334.300000
334.400000
334.500000
334.600000
334.700000
334.800000
334.900000
335.000000
335.100000
335.200000
335.300000
335.400000
335.500000
335.600000
335.700000
335.800000
335.900000
336.000000
336.100000
336.200000
336.300000
336.400000
336.500000
336.600000
336.700000
336.800000
336.900000
337.000000
337.100000
337.200000
337.300000
337.400000
337.500000
337.600000
337.700000
337.800000
337.900000
338.000000
338.100000
338.200000
338.300000
338.400000
338.500000
338.600000
338.700000
338.800000
338.900000
339.000000
339.100000
339.200000
339.300000
339.400000
339.500000
339.600000
339.700000
339.800000
339.900000
340.000000
340.100000
340.200000
340.300000
340.400000
340.500000
340.600000
340.700000
340.800000
340.900000
341.000000
341.100000
341.200000
341.300000
341.400000
341.500000
341.600000
341.700000
341.800000
341.900000
342.000000
342.100000
342.200000
342.300000
342.400000
342.500000
342.600000
342.700000
342.800000
342.900000
343.000000
343.100000
343.200000
343.300000
343.400000
343.500000
343.600000
343.700000
343.800000
343.900000
344.000000
344.100000
344.200000
344.300000
344.400000
344.500000
344.600000
344.700000
344.800000
344.900000
345.000000
345.100000
345.200000
345.300000
345.400000
345.500000
345.600000
345.700000
345.800000
345.900000
346.000000
346.100000
346.200000
346.300000
346.400000
346.500000
346.600000
346.700000
346.800000
346.900000
347.000000
347.100000
347.200000
347.300000
347.400000
347.500000
347.600000
347.700000
347.800000
347.900000
348.000000
348.100000
348.200000
348.300000
348.400000
348.500000
348.600000
348.700000
348.800000
348.900000
349.000000
349.100000
349.200000
349.300000
349.400000
349.500000
349.600000
349.700000
349.800000
349.900000
350.000000
350.100000
350.200000
350.300000
350.400000
350.500000
350.600000
350.700000
350.800000
350.900000
351.000000
351.100000
351.200000
351.300000
351.400000
351.500000
351.600000
351.700000
351.800000
351.900000
352.000000
352.100000
352.200000
352.300000
352.400000
352.500000
352.600000
352.700000
352.800000
352.900000
353.000000
353.100000
353.200000
353.300000
353.400000
353.500000
353.600000
353.700000
353.800000
353.900000
354.000000
354.100000
354.200000
354.300000
354.400000
354.500000
354.600000
354.700000
354.800000
354.900000
355.000000
355.100000
355.200000
355.300000
355.400000
355.500000
355.600000
355.700000
355.800000
355.900000
356.000000
356.100000
356.200000
356.300000
356.400000
356.500000
356.600000
356.700000
356.800000
356.900000
357.000000
357.100000
357.200000
357.300000
357.400000
357.500000
357.600000
357.700000
357.800000
357.900000
358.000000
358.100000
358.200000
358.300000
358.400000
358.500000
358.600000
358.700000
358.800000
358.900000
359.000000
359.100000
359.200000
359.300000
359.400000
359.500000
359.600000
359.700000
359.800000
359.900000
360.000000
360.100000
360.200000
360.300000
360.400000
360.500000
360.600000
360.700000
360.800000
360.900000
361.000000
361.100000
361.200000
361.300000
361.400000
361.500000
361.600000
361.700000
361.800000
361.900000
362.000000
362.100000
362.200000
362.300000
362.400000
362.500000
362.600000
362.700000
362.800000
362.900000
363.000000
363.100000
363.200000
363.300000
363.400000
363.500000
363.600000
363.700000
363.800000
363.900000
364.000000
364.100000
364.200000
364.300000
364.400000
364.500000
364.600000
364.700000
364.800000
364.900000
365.000000
365.100000
365.200000
365.300000
365.400000
365.500000
365.600000
365.700000
365.800000
365.900000
366.000000
366.100000
366.200000
366.300000
366.400000
366.500000
366.600000
366.700000
366.800000
366.900000
367.000000
367.100000
367.200000
367.300000
367.400000
367.500000
367.600000
367.700000
367.800000
367.900000
368.000000
368.100000
368.200000
368.300000
368.400000
368.500000
368.600000
368.700000
368.800000
368.900000
369.000000
369.100000
369.200000
369.300000
369.400000
369.500000
369.600000
369.700000
369.800000
369.900000
370.000000
370.100000
370.200000
370.300000
370.400000
370.500000
370.600000
370.700000
370.800000
370.900000
371.000000
371.100000
371.200000
371.300000
371.400000
371.500000
371.600000
371.700000
371.800000
371.900000
372.000000
372.100000
372.200000
372.300000
372.400000
372.500000
372.600000
372.700000
372.800000
372.900000
373.000000
373.100000
373.200000
373.300000
373.400000
373.500000
373.600000
373.700000
373.800000
373.900000
374.000000
374.100000
374.200000
374.300000
374.400000
374.500000
374.600000
374.700000
374.800000
374.900000
375.000000
375.100000
375.200000
375.300000
375.400000
375.500000
375.600000
375.700000
375.800000
375.900000
376.000000
376.100000
376.200000
376.300000
376.400000
376.500000
376.600000
376.700000
376.800000
376.900000
377.000000
377.100000
377.200000
377.300000
377.400000
377.500000
377.600000
377.700000
377.800000
377.900000
378.000000
378.100000
378.200000
378.300000
378.400000
378.500000
378.600000
378.700000
378.800000
378.900000
379.000000
379.100000
379.200000
379.300000
379.400000
379.500000
379.600000
379.700000
379.800000
379.900000
380.000000
380.100000
380.200000
380.300000
380.400000
380.500000
380.600000
380.700000
380.800000
380.900000
381.000000
381.100000
381.200000
381.300000
381.400000
381.500000
381.600000
381.700000
381.800000
381.900000
382.000000
382.100000
382.200000
382.300000
382.400000
382.500000
382.600000
382.700000
382.800000
382.900000
383.000000
383.100000
383.200000
383.300000
383.400000
383.500000
383.600000
383.700000
383.800000
383.900000
384.000000
384.100000
384.200000
384.300000
384.400000
384.500000
384.600000
384.700000
384.800000
384.900000
385.000000
385.100000
385.200000
385.300000
385.400000
385.500000
385.600000
385.700000
385.800000
385.900000
386.000000
386.100000
386.200000
386.300000
386.400000
386.500000
386.600000
386.700000
386.800000
386.900000
387.000000
387.100000
387.200000
387.300000
387.400000
387.500000
387.600000
387.700000
387.800000
387.900000
388.000000
388.100000
388.200000
388.300000
388.400000
388.500000
388.600000
388.700000
388.800000
388.900000
389.000000
389.100000
389.200000
389.300000
389.400000
389.500000
389.600000
389.700000
389.800000
389.900000
390.000000
390.100000
390.200000
390.300000
390.400000
390.500000
390.600000
390.700000
390.800000
390.900000
391.000000
391.100000
391.200000
391.300000
391.400000
391.500000
391.600000
391.700000
391.800000
391.900000
392.000000
392.100000
392.200000
392.300000
392.400000
392.500000
392.600000
392.700000
392.800000
392.900000
393.000000
393.100000
393.200000
393.300000
393.400000
393.500000
393.600000
393.700000
393.800000
393.900000
394.000000
394.100000
394.200000
394.300000
394.400000
394.500000
394.600000
394.700000
394.800000
394.900000
395.000000
395.100000
395.200000
395.300000
395.400000
395.500000
395.600000
395.700000
395.800000
395.900000
396.000000
396.100000
396.200000
396.300000
396.400000
396.500000
396.600000
396.700000
396.800000
396.900000
397.000000
397.100000
397.200000
397.300000
397.400000
397.500000
397.600000
397.700000
397.800000
397.900000
398.000000
398.100000
398.200000
398.300000
398.400000
398.500000
398.600000
398.700000
398.800000
398.900000
399.000000
399.100000
399.200000
399.300000
399.400000
399.500000
399.600000
399.700000
399.800000
399.900000
400.000000
400.100000
400.200000
400.300000
400.400000
400.500000
400.600000
400.700000
400.800000
400.900000
401.000000
401.100000
401.200000
401.300000
401.400000
401.500000
401.600000
401.700000
401.800000
401.900000
402.000000
402.100000
402.200000
402.300000
402.400000
402.500000
402.600000
402.700000
402.800000
402.900000
403.000000
403.100000
403.200000
403.300000
403.400000
403.500000
403.600000
403.700000
403.800000
403.900000
404.000000
404.100000
404.200000
404.300000
404.400000
404.500000
404.600000
404.700000
404.800000
404.900000
405.000000
405.100000
405.200000
405.300000
405.400000
405.500000
405.600000
405.700000
405.800000
405.900000
406.000000
406.100000
406.200000
406.300000
406.400000
406.500000
406.600000
406.700000
406.800000
406.900000
407.000000
407.100000
407.200000
407.300000
407.400000
407.500000
407.600000
407.700000
407.800000
407.900000
408.000000
408.100000
408.200000
408.300000
408.400000
408.500000
408.600000
408.700000
408.800000
408.900000
409.000000
409.100000
409.200000
409.300000
409.400000
409.500000
409.600000
409.700000
409.800000
409.900000
410.000000
410.100000
410.200000
410.300000
410.400000
410.500000
410.600000
410.700000
410.800000
410.900000
411.000000
411.100000
411.200000
411.300000
411.400000
411.500000
411.600000
411.700000
411.800000
411.900000
412.000000
412.100000
412.200000
412.300000
412.400000
412.500000
412.600000
412.700000
412.800000
412.900000
413.000000
413.100000
413.200000
413.300000
413.400000
413.500000
413.600000
413.700000
413.800000
413.900000
414.000000
414.100000
414.200000
414.300000
414.400000
414.500000
414.600000
414.700000
414.800000
414.900000
415.000000
415.100000
415.200000
415.300000
415.400000
415.500000
415.600000
415.700000
415.800000
415.900000
416.000000
416.100000
416.200000
416.300000
416.400000
416.500000
416.600000
416.700000
416.800000
416.900000
417.000000
417.100000
417.200000
417.300000
417.400000
417.500000
417.600000
417.700000
417.800000
417.900000
418.000000
418.100000
418.200000
418.300000
418.400000
418.500000
418.600000
418.700000
418.800000
418.900000
419.000000
419.100000
419.200000
419.300000
419.400000
419.500000
419.600000
419.700000
419.800000
419.900000
420.000000
420.100000
420.200000
420.300000
420.400000
420.500000
420.600000
420.700000
420.800000
420.900000
421.000000
421.100000
421.200000
421.300000
421.400000
421.500000
421.600000
421.700000
421.800000
421.900000
422.000000
422.100000
422.200000
422.300000
422.400000
422.500000
422.600000
422.700000
422.800000
422.900000
423.000000
423.100000
423.200000
423.300000
423.400000
423.500000
423.600000
423.700000
423.800000
423.900000
424.000000
424.100000
424.200000
424.300000
424.400000
424.500000
424.600000
424.700000
424.800000
424.900000
425.000000
425.100000
425.200000
425.300000
425.400000
425.500000
425.600000
425.700000
425.800000
425.900000
426.000000
426.100000
426.200000
426.300000
426.400000
426.500000
426.600000
426.700000
426.800000
426.900000
427.000000
427.100000
427.200000
427.300000
427.400000
427.500000
427.600000
427.700000
427.800000
427.900000
428.000000
428.100000
428.200000
428.300000
428.400000
428.500000
428.600000
428.700000
428.800000
428.900000
429.000000
429.100000
429.200000
429.300000
429.400000
429.500000
429.600000
429.700000
429.800000
429.900000
430.000000
430.100000
430.200000
430.300000
430.400000
430.500000
430.600000
430.700000
430.800000
430.900000
431.000000
431.100000
431.200000
431.300000
431.400000
431.500000
431.600000
431.700000
431.800000
431.900000
432.000000
432.100000
432.200000
432.300000
432.400000
432.500000
432.600000
432.700000
432.800000
432.900000
433.000000
433.100000
433.200000
433.300000
433.400000
433.500000
433.600000
433.700000
433.800000
433.900000
434.000000
434.100000
434.200000
434.300000
434.400000
434.500000
434.600000
434.700000
434.800000
434.900000
435.000000
435.100000
435.200000
435.300000
435.400000
435.500000
435.600000
435.700000
435.800000
435.900000
436.000000
436.100000
436.200000
436.300000
436.400000
436.500000
436.600000
436.700000
436.800000
436.900000
437.000000
437.100000
437.200000
437.300000
437.400000
437.500000
437.600000
437.700000
437.800000
437.900000
438.000000
438.100000
438.200000
438.300000
438.400000
438.500000
438.600000
438.700000
438.800000
438.900000
439.000000
439.100000
439.200000
439.300000
439.400000
439.500000
439.600000
439.700000
439.800000
439.900000
440.000000
440.100000
440.200000
440.300000
440.400000
440.500000
440.600000
440.700000
440.800000
440.900000
441.000000
441.100000
441.200000
441.300000
441.400000
441.500000
441.600000
441.700000
441.800000
441.900000
442.000000
442.100000
442.200000
442.300000
442.400000
442.500000
442.600000
442.700000
442.800000
442.900000
443.000000
443.100000
443.200000
443.300000
443.400000
443.500000
443.600000
443.700000
443.800000
443.900000
444.000000
444.100000
444.200000
444.300000
444.400000
444.500000
444.600000
444.700000
444.800000
444.900000
445.000000
445.100000
445.200000
445.300000
445.400000
445.500000
445.600000
445.700000
445.800000
445.900000
446.000000
446.100000
446.200000
446.300000
446.400000
446.500000
446.600000
446.700000
446.800000
446.900000
447.000000
447.100000
447.200000
447.300000
447.400000
447.500000
447.600000
447.700000
447.800000
447.900000
448.000000
448.100000
448.200000
448.300000
448.400000
448.500000
448.600000
448.700000
448.800000
448.900000
449.000000
449.100000
449.200000
449.300000
449.400000
449.500000
449.600000
449.700000
449.800000
449.900000
450.000000
450.100000
450.200000
450.300000
450.400000
450.500000
450.600000
450.700000
450.800000
450.900000
451.000000
451.100000
451.200000
451.300000
451.400000
451.500000
451.600000
451.700000
451.800000
451.900000
452.000000
452.100000
452.200000
452.300000
452.400000
452.500000
452.600000
452.700000
452.800000
452.900000
453.000000
453.100000
453.200000
453.300000
453.400000
453.500000
453.600000
453.700000
453.800000
453.900000
454.000000
454.100000
454.200000
454.300000
454.400000
454.500000
454.600000
454.700000
454.800000
454.900000
455.000000
455.100000
455.200000
455.300000
455.400000
455.500000
455.600000
455.700000
455.800000
455.900000
456.000000
456.100000
456.200000
456.300000
456.400000
456.500000
456.600000
456.700000
456.800000
456.900000
457.000000
457.100000
457.200000
457.300000
457.400000
457.500000
457.600000
457.700000
457.800000
457.900000
458.000000
458.100000
458.200000
458.300000
458.400000
458.500000
458.600000
458.700000
458.800000
458.900000
459.000000
459.100000
459.200000
459.300000
459.400000
459.500000
459.600000
459.700000
459.800000
459.900000
460.000000
460.100000
460.200000
460.300000
460.400000
460.500000
460.600000
460.700000
460.800000
460.900000
461.000000
461.100000
461.200000
461.300000
461.400000
461.500000
461.600000
461.700000
461.800000
461.900000
462.000000
462.100000
462.200000
462.300000
462.400000
462.500000
462.600000
462.700000
462.800000
462.900000
463.000000
463.100000
463.200000
463.300000
463.400000
463.500000
463.600000
463.700000
463.800000
463.900000
464.000000
464.100000
464.200000
464.300000
464.400000
464.500000
464.600000
464.700000
464.800000
464.900000
465.000000
465.100000
465.200000
465.300000
465.400000
465.500000
465.600000
465.700000
465.800000
465.900000
466.000000
466.100000
466.200000
466.300000
466.400000
466.500000
466.600000
466.700000
466.800000
466.900000
467.000000
467.100000
467.200000
467.300000
467.400000
467.500000
467.600000
467.700000
467.800000
467.900000
468.000000
468.100000
468.200000
468.300000
468.400000
468.500000
468.600000
468.700000
468.800000
468.900000
469.000000
469.100000
469.200000
469.300000
469.400000
469.500000
469.600000
469.700000
469.800000
469.900000
470.000000
470.100000
470.200000
470.300000
470.400000
470.500000
470.600000
470.700000
470.800000
470.900000
471.000000
471.100000
471.200000
471.300000
471.400000
471.500000
471.600000
471.700000
471.800000
471.900000
472.000000
472.100000
472.200000
472.300000
472.400000
472.500000
472.600000
472.700000
472.800000
472.900000
473.000000
473.100000
473.200000
473.300000
473.400000
473.500000
473.600000
473.700000
473.800000
473.900000
474.000000
474.100000
474.200000
474.300000
474.400000
474.500000
474.600000
474.700000
474.800000
474.900000
475.000000
475.100000
475.200000
475.300000
475.400000
475.500000
475.600000
475.700000
475.800000
475.900000
476.000000
476.100000
476.200000
476.300000
476.400000
476.500000
476.600000
476.700000
476.800000
476.900000
477.000000
477.100000
477.200000
477.300000
477.400000
477.500000
477.600000
477.700000
477.800000
477.900000
478.000000
478.100000
478.200000
478.300000
478.400000
478.500000
478.600000
478.700000
478.800000
478.900000
479.000000
479.100000
479.200000
479.300000
479.400000
479.500000
479.600000
479.700000
479.800000
479.900000
480.000000
480.100000
480.200000
480.300000
480.400000
480.500000
480.600000
480.700000
480.800000
480.900000
481.000000
481.100000
481.200000
481.300000
481.400000
481.500000
481.600000
481.700000
481.800000
481.900000
482.000000
482.100000
482.200000
482.300000
482.400000
482.500000
482.600000
482.700000
482.800000
482.900000
483.000000
483.100000
483.200000
483.300000
483.400000
483.500000
483.600000
483.700000
483.800000
483.900000
484.000000
484.100000
484.200000
484.300000
484.400000
484.500000
484.600000
484.700000
484.800000
484.900000
485.000000
485.100000
485.200000
485.300000
485.400000
485.500000
485.600000
485.700000
485.800000
485.900000
486.000000
486.100000
486.200000
486.300000
486.400000
486.500000
486.600000
486.700000
486.800000
486.900000
487.000000
487.100000
487.200000
487.300000
487.400000
487.500000
487.600000
487.700000
487.800000
487.900000
488.000000
488.100000
488.200000
488.300000
488.400000
488.500000
488.600000
488.700000
488.800000
488.900000
489.000000
489.100000
489.200000
489.300000
489.400000
489.500000
489.600000
489.700000
489.800000
489.900000
490.000000
490.100000
490.200000
490.300000
490.400000
490.500000
490.600000
490.700000
490.800000
490.900000
491.000000
491.100000
491.200000
491.300000
491.400000
491.500000
491.600000
491.700000
491.800000
491.900000
492.000000
492.100000
492.200000
492.300000
492.400000
492.500000
492.600000
492.700000
492.800000
492.900000
493.000000
493.100000
493.200000
493.300000
493.400000
493.500000
493.600000
493.700000
493.800000
493.900000
494.000000
494.100000
494.200000
494.300000
494.400000
494.500000
494.600000
494.700000
494.800000
494.900000
495.000000
495.100000
495.200000
495.300000
495.400000
495.500000
495.600000
495.700000
495.800000
495.900000
496.000000
496.100000
496.200000
496.300000
496.400000
496.500000
496.600000
496.700000
496.800000
496.900000
497.000000
497.100000
497.200000
497.300000
497.400000
497.500000
497.600000
497.700000
497.800000
497.900000
498.000000
498.100000
498.200000
498.300000
498.400000
498.500000
498.600000
498.700000
498.800000
498.900000
499.000000
499.100000
499.200000
499.300000
499.400000
499.500000
499.600000
499.700000
499.800000
499.900000
500.000000
500.100000
