1.745329251994e-03 -1.131364591323e-03 1.745329251994e-03 0.000000000000e+00 0.000000000000e+00 0.000000000000e+00 
-1.629788905950e-04 -1.131533625051e-03 -1.605421089172e-04 0.000000000000e+00 0.000000000000e+00 0.000000000000e+00 
-1.748959413699e-05 -1.131439490122e-03 -1.671965511612e-05 0.000000000000e+00 0.000000000000e+00 0.000000000000e+00 
-1.360639287045e-06 -1.131397417226e-03 -1.085104865435e-06 0.000000000000e+00 0.000000000000e+00 0.000000000000e+00 
-1.774394036511e-07 -1.131405332380e-03 1.468159675293e-07 0.000000000000e+00 0.000000000000e+00 0.000000000000e+00 
3.791663148319e-08 -1.131364558855e-03 3.674766478516e-08 0.000000000000e+00 0.000000000000e+00 0.000000000000e+00 
7.509564431757e-09 -1.131362698472e-03 -7.558427164796e-09 0.000000000000e+00 0.000000000000e+00 0.000000000000e+00 
-1.628588853246e-09 -1.131364590954e-03 -1.577827195574e-09 0.000000000000e+00 0.000000000000e+00 0.000000000000e+00 
-3.175517782461e-10 -1.131364673834e-03 3.386526236727e-10 0.000000000000e+00 0.000000000000e+00 0.000000000000e+00 
7.238585729794e-11 -1.131364591014e-03 6.708635252122e-11 0.000000000000e+00 0.000000000000e+00 0.000000000000e+00 
1.339162000850e-11 -1.131364587794e-03 -1.578579130755e-11 0.000000000000e+00 0.000000000000e+00 0.000000000000e+00 
-4.227760685898e-12 -1.131364591579e-03 -2.064648603192e-12 0.000000000000e+00 0.000000000000e+00 0.000000000000e+00 
5.105771699312e-13 -1.131364591442e-03 8.287121544116e-13 0.000000000000e+00 0.000000000000e+00 0.000000000000e+00 
-2.037200540331e-14 -1.131364591410e-03 -1.970588336787e-13 0.000000000000e+00 0.000000000000e+00 0.000000000000e+00 
-1.379670914204e-14 -1.131364591409e-03 3.711858732811e-14 0.000000000000e+00 0.000000000000e+00 0.000000000000e+00 
5.952627071395e-15 -1.131364591409e-03 -6.581317723361e-15 0.000000000000e+00 0.000000000000e+00 0.000000000000e+00 
-1.140750549886e-15 -1.131364591409e-03 1.234268232342e-15 0.000000000000e+00 0.000000000000e+00 0.000000000000e+00 
-9.074841227643e-16 -1.131364591409e-03 -6.857654048122e-16 0.000000000000e+00 0.000000000000e+00 0.000000000000e+00 
1.589005689072e-16 -1.131364591409e-03 -2.041135322163e-16 0.000000000000e+00 0.000000000000e+00 0.000000000000e+00 
-4.177643279999e-16 -1.131364591409e-03 -6.901316596847e-16 0.000000000000e+00 0.000000000000e+00 0.000000000000e+00 
2.837115349208e-16 -1.131364591409e-03 -4.540646901338e-16 0.000000000000e+00 0.000000000000e+00 0.000000000000e+00 
-3.058788136692e-04 -1.087346968684e-03 8.349529680494e-03 0.000000000000e+00 0.000000000000e+00 0.000000000000e+00 
-2.314302198244e-04 -1.116535550897e-03 8.708886501570e-03 0.000000000000e+00 0.000000000000e+00 0.000000000000e+00 
-1.404041885236e-04 -1.149733438007e-03 8.722531831940e-03 0.000000000000e+00 0.000000000000e+00 0.000000000000e+00 
-1.732997374250e-04 -1.140892255767e-03 5.526355688105e-03 0.000000000000e+00 0.000000000000e+00 0.000000000000e+00 
-3.629743296740e-04 -1.075184061080e-03 5.142354138733e-04 0.000000000000e+00 0.000000000000e+00 0.000000000000e+00 
-3.856755864867e-04 -1.065436679452e-03 3.476323078813e-05 0.000000000000e+00 0.000000000000e+00 0.000000000000e+00 
-3.880360116389e-04 -1.065323550938e-03 1.988439591848e-06 0.000000000000e+00 0.000000000000e+00 0.000000000000e+00 
-3.871872636309e-04 -1.063455651081e-03 -6.936485808448e-07 0.000000000000e+00 0.000000000000e+00 0.000000000000e+00 
-3.869044516070e-04 -1.063078776035e-03 1.981829580627e-08 0.000000000000e+00 0.000000000000e+00 0.000000000000e+00 
-3.869471854690e-04 -1.063141441501e-03 5.348117923470e-09 0.000000000000e+00 0.000000000000e+00 0.000000000000e+00 
-8.452572954109e-05 -1.126580362811e-03 -8.350287972014e-03 0.000000000000e+00 0.000000000000e+00 0.000000000000e+00 
-1.644625699161e-04 -1.128513589927e-03 -8.709703923184e-03 0.000000000000e+00 0.000000000000e+00 0.000000000000e+00 
-2.613212192652e-04 -1.128442128352e-03 -8.723376285028e-03 0.000000000000e+00 0.000000000000e+00 0.000000000000e+00 
-2.272632032573e-04 -1.131255941554e-03 -5.524501750016e-03 0.000000000000e+00 0.000000000000e+00 0.000000000000e+00 
-2.662151852257e-05 -1.134387340028e-03 -5.140172516060e-04 0.000000000000e+00 0.000000000000e+00 0.000000000000e+00 
-1.971952951795e-06 -1.132933970168e-03 -3.474758551862e-05 0.000000000000e+00 0.000000000000e+00 0.000000000000e+00 
2.988562882464e-07 -1.134072662361e-03 -2.230417773178e-06 0.000000000000e+00 0.000000000000e+00 0.000000000000e+00 
1.155993522084e-07 -1.131675378171e-03 7.022828264050e-07 0.000000000000e+00 0.000000000000e+00 0.000000000000e+00 
-1.699072340163e-08 -1.131224184038e-03 7.408102594383e-08 0.000000000000e+00 0.000000000000e+00 0.000000000000e+00 
-5.768940917762e-09 -1.131350103544e-03 -2.923251485683e-08 0.000000000000e+00 0.000000000000e+00 0.000000000000e+00 
2.664278852986e-10 7.218847386636e-03 -2.581753205350e-09 0.000000000000e+00 0.000000000000e+00 0.000000000000e+00 
4.320814391061e-10 7.579094713718e-03 -1.033415991469e-09 0.000000000000e+00 0.000000000000e+00 0.000000000000e+00 
4.046710925964e-10 7.594585617512e-03 -9.357114333724e-10 0.000000000000e+00 0.000000000000e+00 0.000000000000e+00 
2.346331661281e-10 4.399707703473e-03 -5.887020366682e-10 0.000000000000e+00 0.000000000000e+00 0.000000000000e+00 
1.160464256211e-11 -6.161950179972e-04 -5.337515137915e-11 0.000000000000e+00 0.000000000000e+00 0.000000000000e+00 
-3.096063196136e-12 -1.097000424542e-03 -2.992945156700e-12 0.000000000000e+00 0.000000000000e+00 0.000000000000e+00 
-2.161523473540e-12 -1.129341378366e-03 1.399438222397e-13 0.000000000000e+00 0.000000000000e+00 0.000000000000e+00 
-1.337819378991e-12 -1.131252894139e-03 2.194378938733e-13 0.000000000000e+00 0.000000000000e+00 0.000000000000e+00 
-9.037181022786e-13 -1.131358656738e-03 1.675633538553e-13 0.000000000000e+00 0.000000000000e+00 0.000000000000e+00 
-6.498420176664e-13 -1.131364283731e-03 1.295369895553e-13 0.000000000000e+00 0.000000000000e+00 0.000000000000e+00 
-7.866844880586e-13 -9.481575934066e-03 3.068655272150e-13 0.000000000000e+00 0.000000000000e+00 0.000000000000e+00 
-7.801992149524e-13 -9.841823869050e-03 3.235415739622e-13 0.000000000000e+00 0.000000000000e+00 0.000000000000e+00 
-7.786579294880e-13 -9.857314798984e-03 3.423219648981e-13 0.000000000000e+00 0.000000000000e+00 0.000000000000e+00 
-4.945371454168e-13 -6.662443679046e-03 2.321614763373e-13 0.000000000000e+00 0.000000000000e+00 0.000000000000e+00 
-4.918839527490e-14 -1.646534861954e-03 2.819297629070e-14 0.000000000000e+00 0.000000000000e+00 0.000000000000e+00 
-4.580751291030e-15 -1.165728806052e-03 4.706043515444e-15 0.000000000000e+00 0.000000000000e+00 0.000000000000e+00 
-1.000968658826e-15 -1.133387807301e-03 1.811962245365e-15 0.000000000000e+00 0.000000000000e+00 0.000000000000e+00 
-4.493655687936e-16 -1.131476288838e-03 1.084875415047e-15 0.000000000000e+00 0.000000000000e+00 0.000000000000e+00 
-3.376995182322e-16 -1.131370526083e-03 7.523517463258e-16 0.000000000000e+00 0.000000000000e+00 0.000000000000e+00 
-2.259687862243e-16 -1.131364899000e-03 5.693795971338e-16 0.000000000000e+00 0.000000000000e+00 0.000000000000e+00 
8.351149053923e-03 -1.074442190963e-03 3.427004136910e-04 0.000000000000e+00 0.000000000000e+00 0.000000000000e+00 
8.710135867541e-03 -1.110037739295e-03 2.634816188419e-04 0.000000000000e+00 0.000000000000e+00 0.000000000000e+00 
8.722162345082e-03 -1.158999069166e-03 1.479454382001e-04 0.000000000000e+00 0.000000000000e+00 0.000000000000e+00 
5.524845839934e-03 -1.156883500423e-03 1.551614790201e-04 0.000000000000e+00 0.000000000000e+00 0.000000000000e+00 
5.176634996024e-04 -1.077627122173e-03 3.456942463183e-04 0.000000000000e+00 0.000000000000e+00 0.000000000000e+00 
4.058674814688e-05 -1.071987166403e-03 3.600168066845e-04 0.000000000000e+00 0.000000000000e+00 0.000000000000e+00 
-8.201372115492e-06 -1.065025852661e-03 3.812153749390e-04 0.000000000000e+00 0.000000000000e+00 0.000000000000e+00 
-8.642459147932e-07 -1.062613223854e-03 3.885319497000e-04 0.000000000000e+00 0.000000000000e+00 0.000000000000e+00 
-9.085007016393e-08 -1.063047837572e-03 3.872089367342e-04 0.000000000000e+00 0.000000000000e+00 0.000000000000e+00 
-2.052226761005e-08 -1.063162051080e-03 3.868676918275e-04 0.000000000000e+00 0.000000000000e+00 0.000000000000e+00 
-8.349827980610e-03 -1.130116711808e-03 4.647927455100e-05 0.000000000000e+00 0.000000000000e+00 0.000000000000e+00 
-8.708708688672e-03 -1.135933738362e-03 1.329684849162e-04 0.000000000000e+00 0.000000000000e+00 0.000000000000e+00 
-8.720673255715e-03 -1.140112592147e-03 2.575692209268e-04 0.000000000000e+00 0.000000000000e+00 0.000000000000e+00 
-5.532685566468e-03 -1.138341268711e-03 2.500330400863e-04 0.000000000000e+00 0.000000000000e+00 0.000000000000e+00 
-5.186492648405e-04 -1.129274996254e-03 4.393834110890e-05 0.000000000000e+00 0.000000000000e+00 0.000000000000e+00 
-4.011629345624e-05 -1.128163875407e-03 2.743609059502e-05 0.000000000000e+00 0.000000000000e+00 0.000000000000e+00 
7.623385621571e-06 -1.130532453242e-03 6.282997065499e-06 0.000000000000e+00 0.000000000000e+00 0.000000000000e+00 
1.372999910021e-06 -1.131547406037e-03 -1.558399410431e-06 0.000000000000e+00 0.000000000000e+00 0.000000000000e+00 
-3.285837970630e-07 -1.131401204734e-03 -2.807708817010e-07 0.000000000000e+00 0.000000000000e+00 0.000000000000e+00 
-5.765644573853e-08 -1.131356659003e-03 6.910458321514e-08 0.000000000000e+00 0.000000000000e+00 0.000000000000e+00 
1.457331818594e-08 -1.131363054087e-03 1.190188812480e-08 0.000000000000e+00 0.000000000000e+00 0.000000000000e+00 
2.437875076645e-09 -1.131364935018e-03 -3.060606814023e-09 0.000000000000e+00 0.000000000000e+00 0.000000000000e+00 
-6.451949737526e-10 -1.131364655813e-03 -5.034044081114e-10 0.000000000000e+00 0.000000000000e+00 0.000000000000e+00 
-1.029288791190e-10 -1.131364576457e-03 1.355818759214e-10 0.000000000000e+00 0.000000000000e+00 0.000000000000e+00 
2.900837138877e-11 -1.131364588759e-03 2.119645258924e-11 0.000000000000e+00 0.000000000000e+00 0.000000000000e+00 
3.823128051084e-12 -1.131364592028e-03 -7.092644596338e-12 0.000000000000e+00 0.000000000000e+00 0.000000000000e+00 
-1.552125727348e-12 -1.131364591428e-03 4.092469302915e-13 0.000000000000e+00 0.000000000000e+00 0.000000000000e+00 
3.277212943452e-13 -1.131364591406e-03 8.747199776225e-14 0.000000000000e+00 0.000000000000e+00 0.000000000000e+00 
-5.595253969921e-14 -1.131364591409e-03 -4.736377506958e-14 0.000000000000e+00 0.000000000000e+00 0.000000000000e+00 
6.123934963289e-15 -1.131364591409e-03 1.427409397875e-14 0.000000000000e+00 0.000000000000e+00 0.000000000000e+00 
-1.635513897290e-15 -1.131364591409e-03 -3.055769058948e-15 0.000000000000e+00 0.000000000000e+00 0.000000000000e+00 
-6.794418346873e-16 -1.131364591409e-03 1.037759892781e-15 0.000000000000e+00 0.000000000000e+00 0.000000000000e+00 
-8.712487141149e-16 -1.131364591409e-03 1.776976050195e-16 0.000000000000e+00 0.000000000000e+00 0.000000000000e+00 
-3.239533207585e-16 -1.131364591409e-03 4.785646444811e-16 0.000000000000e+00 0.000000000000e+00 0.000000000000e+00 
-3.212602091929e-16 -1.131364591409e-03 3.372816500481e-16 0.000000000000e+00 0.000000000000e+00 0.000000000000e+00 
-8.093988012065e-16 -1.131364591409e-03 4.020883270028e-16 0.000000000000e+00 0.000000000000e+00 0.000000000000e+00 
-3.915276620940e-16 -1.131364591409e-03 1.457512942635e-16 0.000000000000e+00 0.000000000000e+00 0.000000000000e+00 
-8.277660233007e-16 -1.131364591409e-03 2.932586289760e-16 0.000000000000e+00 0.000000000000e+00 0.000000000000e+00 
-3.308124072168e-16 -1.131364591409e-03 2.690909436091e-16 0.000000000000e+00 0.000000000000e+00 0.000000000000e+00 
-6.998876711005e-16 -1.131364591409e-03 2.772457215271e-16 0.000000000000e+00 0.000000000000e+00 0.000000000000e+00 
