0.000000000000e+00 0.000000000000e+00 0.000000000000e+00 0.000000000000e+00 0.000000000000e+00 0.000000000000e+00 0.000000000000e+00 0.000000000000e+00 
-1.714632233678e-06 4.464450147119e-09 -2.799081488212e-06 -4.943608637934e-08 -1.714632233678e-06 4.464450147119e-09 -2.799081488212e-06 -4.943608637934e-08 
-1.314491134936e-06 -4.763529468979e-09 3.506064904537e-06 -5.274102969121e-08 -1.314491134936e-06 -4.763529468979e-09 3.506064904537e-06 -5.274102969121e-08 
5.044289290006e-07 3.811972260390e-09 -1.923065168854e-06 -4.219641331216e-08 5.044289290006e-07 3.811972260390e-09 -1.923065168854e-06 -4.219641331216e-08 
1.545980107199e-06 -2.711545010573e-09 -6.832627871262e-07 -3.000620592216e-08 1.545980107199e-06 -2.711545010573e-09 -6.832627871262e-07 -3.000620592216e-08 
7.403338362254e-07 1.808231015053e-09 2.551818471450e-06 -2.000225833786e-08 7.403338362254e-07 1.808231015053e-09 2.551818471450e-06 -2.000225833786e-08 
-7.958592375763e-07 -1.157606552987e-09 -2.593769520087e-06 -1.279909656228e-08 -7.958592375763e-07 -1.157606552987e-09 -2.593769520087e-06 -1.279909656228e-08 
-1.263042039661e-06 7.204972309037e-10 9.984098812061e-07 -7.961707594955e-09 -1.263042039661e-06 7.204972309037e-10 9.984098812061e-07 -7.961707594955e-09 
-2.664079346036e-07 -4.392861856815e-10 1.036898044254e-06 -4.851090114684e-09 -2.664079346036e-07 -4.392861856815e-10 1.036898044254e-06 -4.851090114684e-09 
9.096585513790e-07 2.636465453541e-10 -2.179306831120e-06 -2.909337190305e-09 9.096585513790e-07 2.636465453541e-10 -2.179306831120e-06 -2.909337190305e-09 
9.323219877493e-07 -1.562788926358e-10 1.815293932971e-06 -1.723116851068e-09 9.323219877493e-07 -1.562788926358e-10 1.815293932971e-06 -1.723116851068e-09 
-8.749376686063e-08 9.170911305073e-11 -3.518327756332e-07 -1.010256240323e-09 -8.749376686063e-08 9.170911305073e-11 -3.518327756332e-07 -1.010256240323e-09 
-8.893038969509e-07 -5.337271190577e-11 -1.160236619229e-06 -5.873610344150e-10 -8.893038969509e-07 -5.337271190577e-11 -1.160236619229e-06 -5.873610344150e-10 
-6.046063738249e-07 3.084596245044e-11 1.763572090139e-06 -3.390885471224e-10 -6.046063738249e-07 3.084596245044e-11 1.763572090139e-06 -3.390885471224e-10 
3.207798219276e-07 -1.772142704280e-11 -1.185780095291e-06 -1.945828182465e-10 3.207798219276e-07 -1.772142704280e-11 -1.185780095291e-06 -1.945828182465e-10 
7.791311426916e-07 1.012922760022e-11 -7.003919487215e-08 -1.110798132225e-10 7.791311426916e-07 1.012922760022e-11 -7.003919487215e-08 -1.110798132225e-10 
3.144060776726e-07 -5.763923410586e-12 1.133486268316e-06 -6.312363137484e-11 3.144060776726e-07 -5.763923410586e-12 1.133486268316e-06 -6.312363137484e-11 
-4.460935536992e-07 3.267074373305e-12 -1.358010163964e-06 -3.572807691626e-11 -4.460935536992e-07 3.267074373305e-12 -1.358010163964e-06 -3.572807691626e-11 
-6.192687091060e-07 -1.845411482555e-12 7.013741070842e-07 -2.015034551599e-11 -6.192687091060e-07 -1.845411482555e-12 7.013741070842e-07 -2.015034551599e-11 
-8.133447992591e-08 1.039162966102e-12 3.191239743787e-07 -1.132852421207e-11 -8.133447992591e-08 1.039162966102e-12 3.191239743787e-07 -1.132852421207e-11 
4.837885679403e-07 -5.835366457400e-13 -1.018279399963e-06 -6.350674701060e-12 4.837885679403e-07 -5.835366457400e-13 -1.018279399963e-06 -6.350674701060e-12 
4.426176398023e-07 3.268618582201e-13 9.940331924018e-07 -3.550909549861e-12 4.426176398023e-07 3.268618582201e-13 9.940331924018e-07 -3.550909549861e-12 
-8.733558501042e-08 -1.826725012951e-13 -3.470675687103e-07 -1.980768215010e-12 -8.733558501042e-08 -1.826725012951e-13 -3.470675687103e-07 -1.980768215010e-12 
-4.573051927256e-07 1.018785152707e-13 -4.419235630481e-07 -1.102527933948e-12 -4.573051927256e-07 1.018785152707e-13 -4.419235630481e-07 -1.102527933948e-12 
-2.735620485717e-07 -5.671122409520e-14 8.596272200001e-07 -6.124685930695e-13 -2.735620485717e-07 -5.671122409520e-14 8.596272200001e-07 -6.124685930695e-13 
1.935828552947e-07 3.151370964612e-14 -6.870103803183e-07 -3.396122376333e-13 1.935828552947e-07 3.151370964612e-14 -6.870103803183e-07 -3.396122376333e-13 
3.896650982198e-07 -1.748369982147e-14 1.024155516909e-07 -1.879954027381e-13 3.896650982198e-07 -1.748369982147e-14 1.024155516909e-07 -1.879954027381e-13 
1.280059955020e-07 9.685520450145e-15 4.776011329722e-07 -1.039029573540e-13 1.280059955020e-07 9.685520450145e-15 4.776011329722e-07 -1.039029573540e-13 
-2.455179250986e-07 -5.358153686726e-15 -6.885539333020e-07 -5.734189318834e-14 -2.455179250986e-07 -5.358153686726e-15 -6.885539333020e-07 -5.734189318834e-14 
-3.011121451871e-07 2.960409580912e-15 4.412633575102e-07 -3.160249058897e-14 -3.011121451871e-07 2.960409580912e-15 4.412633575102e-07 -3.160249058897e-14 
-1.431621077661e-08 -1.633693035877e-15 5.452946967387e-08 -1.739455096663e-14 -1.431621077661e-08 -1.633693035877e-15 5.452946967387e-08 -1.739455096663e-14 
2.545799525644e-07 9.005441889134e-16 -4.574589570197e-07 -9.562721794082e-15 2.545799525644e-07 9.005441889134e-16 -4.574589570197e-07 -9.562721794082e-15 
2.077946948449e-07 -4.958909416489e-16 5.249122012674e-07 -5.251177917901e-15 2.077946948449e-07 -4.958909416489e-16 5.249122012674e-07 -5.251177917901e-15 
-6.521582382848e-08 2.727983445168e-16 -2.540531779751e-07 -2.880491158858e-15 -6.521582382848e-08 2.727983445168e-16 -2.540531779751e-07 -2.880491158858e-15 
-2.332536917877e-07 -1.499329314755e-16 -1.447065880702e-07 -1.578469343757e-15 -2.332536917877e-07 -1.499329314755e-16 -1.447065880702e-07 -1.578469343757e-15 
-1.213048446846e-07 8.233324171430e-17 4.053093431873e-07 -8.641487955511e-16 -1.213048446846e-07 8.233324171430e-17 4.053093431873e-07 -8.641487955511e-16 
1.127137283602e-07 -4.517492684835e-17 -3.800622798767e-07 -4.726554805372e-16 1.127137283602e-07 -4.517492684835e-17 -3.800622798767e-07 -4.726554805372e-16 
1.933904174213e-07 2.476755853863e-17 1.186090140192e-07 -2.582997176366e-16 1.933904174213e-07 2.476755853863e-17 1.186090140192e-07 -2.582997176366e-16 
4.885530391759e-08 -1.356907734259e-17 1.866155617867e-07 -1.410405330849e-16 4.885530391759e-08 -1.356907734259e-17 1.866155617867e-07 -1.410405330849e-16 
-1.330998252099e-07 7.428742516629e-18 -3.383533701110e-07 -7.695219956516e-17 -1.330998252099e-07 7.428742516629e-18 -3.383533701110e-07 -7.695219956516e-17 
-1.451247309140e-07 -4.064371502051e-18 2.592346363575e-07 -4.195370079161e-17 -1.451247309140e-07 -4.064371502051e-18 2.592346363575e-07 -4.195370079161e-17 
6.125490641018e-09 2.222279604017e-18 -2.631254570819e-08 -2.285628143221e-17 6.125490641018e-09 2.222279604017e-18 -2.631254570819e-08 -2.285628143221e-17 
1.326836200687e-07 -1.214351185400e-18 -1.956643250276e-07 -1.244342187745e-17 1.326836200687e-07 -1.214351185400e-18 -1.956643250276e-07 -1.244342187745e-17 
9.631728691807e-08 6.631967096303e-19 2.682900385033e-07 -6.769942663105e-18 9.631728691807e-08 6.631967096303e-19 2.682900385033e-07 -6.769942663105e-18 
-4.317575876079e-08 -3.619963650629e-19 -1.634946868757e-07 -3.680884469113e-18 -4.317575876079e-08 -3.619963650629e-19 -1.634946868757e-07 -3.680884469113e-18 
-1.180435241224e-07 1.974878591704e-19 -3.181923087750e-08 -2.000100232731e-18 -1.180435241224e-07 1.974878591704e-19 -3.181923087750e-08 -2.000100232731e-18 
-5.241855362343e-08 -1.076863864204e-19 1.840443873686e-07 -1.086158875747e-18 -5.241855362343e-08 -1.076863864204e-19 1.840443873686e-07 -1.086158875747e-18 
6.391859684413e-08 5.869142346062e-20 -2.024679096478e-07 -5.895029355616e-19 6.391859684413e-08 5.869142346062e-20 -2.024679096478e-07 -5.895029355616e-19 
9.523070197966e-08 -3.197352828043e-20 9.129519938882e-08 -3.197702236699e-19 9.523070197966e-08 -3.197352828043e-20 9.129519938882e-08 -3.197702236699e-19 
1.663611212980e-08 1.741071776455e-20 6.420514645062e-08 -1.733633816467e-19 1.663611212980e-08 1.741071776455e-20 6.420514645062e-08 -1.733633816467e-19 
-7.123158277899e-08 -9.476775605063e-21 -1.609364554189e-07 -9.394018022747e-20 -7.123158277899e-08 -9.476775605063e-21 -1.609364554189e-07 -9.394018022747e-20 
-6.928000833565e-08 5.156196913245e-21 1.449618350761e-07 -5.087764352862e-20 -6.928000833565e-08 5.156196913245e-21 1.449618350761e-07 -5.087764352862e-20 
9.707937284460e-09 -2.804336438999e-21 -3.964363965476e-08 -2.754169417861e-20 9.707937284460e-09 -2.804336438999e-21 -3.964363965476e-08 -2.754169417861e-20 
6.854146490436e-08 1.524645308075e-21 -7.818725146592e-08 -1.490213421861e-20 6.854146490436e-08 1.524645308075e-21 -7.818725146592e-08 -1.490213421861e-20 
4.398447611691e-08 -8.286127651120e-22 1.328978525513e-07 -8.059464220735e-21 4.398447611691e-08 -8.286127651120e-22 1.328978525513e-07 -8.059464220735e-21 
-2.672783552948e-08 4.501779133037e-22 -9.751030523272e-08 -4.356815230724e-21 -2.672783552948e-08 4.501779133037e-22 -9.751030523272e-08 -4.356815230724e-21 
-5.928095519764e-08 -2.444960699173e-22 4.934601426786e-09 -2.354195119186e-21 -5.928095519764e-08 -2.444960699173e-22 4.934601426786e-09 -2.354195119186e-21 
-2.187497983127e-08 1.327454973472e-22 7.981479474020e-08 -1.271542523982e-21 -2.187497983127e-08 1.327454973472e-22 7.981479474020e-08 -1.271542523982e-21 
3.551069337669e-08 -7.204979522024e-23 -1.043260678551e-07 -6.864974820099e-22 3.551069337669e-08 -7.204979522024e-23 -1.043260678551e-07 -6.864974820099e-22 
4.651548235176e-08 3.909446810343e-23 6.028659261016e-08 -3.704852168545e-22 4.651548235176e-08 3.909446810343e-23 6.028659261016e-08 -3.704852168545e-22 
4.342834859786e-09 -2.120663751410e-23 1.649308803607e-08 -1.998622177780e-22 4.342834859786e-09 -2.120663751410e-23 1.649308803607e-08 -1.998622177780e-22 
-3.769333104785e-08 1.150022635768e-23 -7.382648833733e-08 -1.077760319249e-22 -3.769333104785e-08 1.150022635768e-23 -7.382648833733e-08 -1.077760319249e-22 
-3.272690577261e-08 -6.234806208291e-24 7.792786102709e-08 -5.809635957873e-23 -3.272690577261e-08 -6.234806208291e-24 7.792786102709e-08 -5.809635957873e-23 
8.152822848406e-09 3.379288419876e-24 -3.250198257257e-08 -3.130504028004e-23 8.152822848406e-09 3.379288419876e-24 -3.250198257257e-08 -3.130504028004e-23 
3.511254860841e-08 -1.831120185516e-24 -2.801448541140e-08 -1.686247894601e-23 3.511254860841e-08 -1.831120185516e-24 -2.801448541140e-08 -1.686247894601e-23 
1.972829302547e-08 9.919759034338e-25 6.375427143857e-08 -9.079739583035e-24 1.972829302547e-08 9.919759034338e-25 6.375427143857e-08 -9.079739583035e-24 
-1.584193941023e-08 -5.372560507509e-25 -5.515074582476e-08 -4.887345368622e-24 -1.584193941023e-08 -5.372560507509e-25 -5.515074582476e-08 -4.887345368622e-24 
-2.954360084349e-08 2.909112524316e-25 1.285472870195e-08 -2.629801818694e-24 -2.954360084349e-08 2.909112524316e-25 1.285472870195e-08 -2.629801818694e-24 
-8.677817556235e-09 -1.574859051984e-25 3.253671176301e-08 -1.414574768404e-24 -8.677817556235e-09 -1.574859051984e-25 3.253671176301e-08 -1.414574768404e-24 
1.940224574003e-08 8.523690132499e-26 -5.209150764612e-08 -7.606486293282e-25 1.940224574003e-08 8.523690132499e-26 -5.209150764612e-08 -7.606486293282e-25 
2.252746776718e-08 -4.612337826354e-26 3.655401944606e-08 -4.088837259620e-25 2.252746776718e-08 -4.612337826354e-26 3.655401944606e-08 -4.088837259620e-25 
1.591424129014e-10 2.495310806161e-26 1.535400180302e-10 -2.197228686382e-25 1.591424129014e-10 2.495310806161e-26 1.535400180302e-10 -2.197228686382e-25 
-1.974530018635e-08 -1.349710873368e-26 -3.242984443175e-08 -1.180354358510e-25 -1.974530018635e-08 -1.349710873368e-26 -3.242984443175e-08 -1.180354358510e-25 
-1.527771974287e-08 7.299141513385e-27 4.048546587738e-08 -6.338889318096e-26 -1.527771974287e-08 7.299141513385e-27 4.048546587738e-08 -6.338889318096e-26 
5.701287757413e-09 -3.946572071640e-27 -2.211080710862e-08 -3.403136212032e-26 5.701287757413e-09 -3.946572071640e-27 -2.211080710862e-08 -3.403136212032e-26 
1.784443177407e-08 2.133475686936e-27 -8.009236842124e-09 -1.826470165311e-26 1.784443177407e-08 2.133475686936e-27 -8.009236842124e-09 -1.826470165311e-26 
8.652054877701e-09 -1.153126263970e-27 2.953202910964e-08 -9.799738840930e-27 8.652054877701e-09 -1.153126263970e-27 2.953202910964e-08 -9.799738840930e-27 
-9.104327664611e-09 6.231456307615e-28 -2.992767546134e-08 -5.256377841890e-27 -9.104327664611e-09 6.231456307615e-28 -2.992767546134e-08 -5.256377841890e-27 
-1.461003858018e-08 -3.366880555335e-28 1.144198803966e-08 -2.818578893541e-27 -1.461003858018e-08 -3.366880555335e-28 1.144198803966e-08 -2.818578893541e-27 
-3.171276332985e-09 1.818834551054e-28 1.206168390492e-08 -1.510938064036e-27 -3.171276332985e-09 1.818834551054e-28 1.206168390492e-08 -1.510938064036e-27 
1.045360658208e-08 -9.823987659755e-29 -2.519904342919e-08 -8.097243333088e-28 1.045360658208e-08 -9.823987659755e-29 -2.519904342919e-08 -8.097243333088e-28 
1.081085946867e-08 5.305340668959e-29 2.092636528419e-08 -4.338133484123e-28 1.081085946867e-08 5.305340668959e-29 2.092636528419e-08 -4.338133484123e-28 
-9.312430068561e-10 -2.864647999478e-29 -3.988477918562e-09 -2.323511749274e-28 -9.312430068561e-10 -2.864647999478e-29 -3.988477918562e-09 -2.323511749274e-28 
-1.024817556173e-08 1.546547907904e-29 -1.345939180894e-08 -1.244125084177e-28 -1.024817556173e-08 1.546547907904e-29 -1.345939180894e-08 -1.244125084177e-28 
-7.035297676587e-09 -8.348167662712e-30 2.037642064824e-08 -6.659802124513e-29 -7.035297676587e-09 -8.348167662712e-30 2.037642064824e-08 -6.659802124513e-29 
3.644535099335e-09 4.505636084361e-30 -1.365300021535e-08 -3.563998641941e-29 3.644535099335e-09 4.505636084361e-30 -1.365300021535e-08 -3.563998641941e-29 
8.998547589336e-09 -2.431418198436e-30 -8.688299073190e-10 -1.906748467505e-29 8.998547589336e-09 -2.431418198436e-30 -8.688299073190e-10 -1.906748467505e-29 
3.684401433275e-09 1.311907477129e-30 1.312905663929e-08 -1.019834336411e-29 3.684401433275e-09 1.311907477129e-30 1.312905663929e-08 -1.019834336411e-29 
-5.111372605758e-09 -7.077633767602e-31 -1.567891970535e-08 -5.453142018073e-30 -5.111372605758e-09 -7.077633767602e-31 -1.567891970535e-08 -5.453142018073e-30 
-7.167866996352e-09 3.817821297699e-31 8.060346305332e-09 -2.915046450769e-30 -7.167866996352e-09 3.817821297699e-31 8.060346305332e-09 -2.915046450769e-30 
-9.873184856221e-10 -2.059145287747e-31 3.731264482175e-09 -1.557851710099e-30 -9.873184856221e-10 -2.059145287747e-31 3.731264482175e-09 -1.557851710099e-30 
5.564537407512e-09 1.110461432699e-31 -1.178223297553e-08 -8.323176831584e-31 5.564537407512e-09 1.110461432699e-31 -1.178223297553e-08 -8.323176831584e-31 
5.136680467224e-09 -5.987785525357e-32 1.146749658459e-08 -4.445645607894e-31 5.136680467224e-09 -5.987785525357e-32 1.146749658459e-08 -4.445645607894e-31 
-9.695058296362e-10 3.228318635488e-32 -3.972998315014e-09 -2.373906146780e-31 -9.695058296362e-10 3.228318635488e-32 -3.972998315014e-09 -2.373906146780e-31 
-5.273367478503e-09 -1.740343790170e-32 -5.136866717709e-09 -1.267288377831e-31 -5.273367478503e-09 -1.740343790170e-32 -5.136866717709e-09 -1.267288377831e-31 
-3.187708393935e-09 9.380873142894e-33 9.938166009671e-09 -6.763487791262e-32 -3.187708393935e-09 9.380873142894e-33 9.938166009671e-09 -6.763487791262e-32 
2.206862249574e-09 -5.055941815692e-33 -7.918039695841e-09 -3.608688598154e-32 2.206862249574e-09 -5.055941815692e-33 -7.918039695841e-09 -3.608688598154e-32 
4.503136907956e-09 2.724660890352e-33 1.153340089140e-09 -1.924915048340e-32 4.503136907956e-09 2.724660890352e-33 1.153340089140e-09 -1.924915048340e-32 
1.505982602183e-09 -1.468166806596e-33 5.538387686952e-09 -1.026495744504e-32 1.505982602183e-09 -1.468166806596e-33 5.538387686952e-09 -1.026495744504e-32 
-2.816848647008e-09 7.910279579128e-34 -7.954404133464e-09 -5.472503697024e-33 -2.816848647008e-09 7.910279579128e-34 -7.954404133464e-09 -5.472503697024e-33 
-3.487633106336e-09 -4.261501676739e-34 5.079118121607e-09 -2.916742805804e-33 -3.487633106336e-09 -4.261501676739e-34 5.079118121607e-09 -2.916742805804e-33 
