-2.622800e+03 4.436508e+03 5.678471e+03
-2.704157e+03 4.417955e+03 5.654725e+03
-2.785169e+03 4.398837e+03 5.630255e+03
-2.865823e+03 4.379157e+03 5.605065e+03
-2.946111e+03 4.358915e+03 5.579157e+03
-3.026022e+03 4.338116e+03 5.552535e+03
-3.105546e+03 4.316761e+03 5.525203e+03
-3.184672e+03 4.294854e+03 5.497163e+03
-3.263391e+03 4.272397e+03 5.468419e+03
-3.341691e+03 4.249394e+03 5.438976e+03
-3.419564e+03 4.225846e+03 5.408836e+03
-3.497000e+03 4.201758e+03 5.378005e+03
-3.573988e+03 4.177131e+03 5.346484e+03
-3.650518e+03 4.151970e+03 5.314280e+03
-3.726581e+03 4.126278e+03 5.281395e+03
-3.802167e+03 4.100057e+03 5.247834e+03
-3.877266e+03 4.073312e+03 5.213602e+03
-3.951869e+03 4.046045e+03 5.178702e+03
-4.025967e+03 4.018261e+03 5.143139e+03
-4.099549e+03 3.989962e+03 5.106918e+03
-4.172606e+03 3.961152e+03 5.070044e+03
-4.245129e+03 3.931836e+03 5.032520e+03
-4.317109e+03 3.902016e+03 4.994352e+03
-4.388536e+03 3.871696e+03 4.955545e+03
-4.459402e+03 3.840881e+03 4.916104e+03
-4.529696e+03 3.809575e+03 4.876033e+03
-4.599411e+03 3.777781e+03 4.835339e+03
-4.668537e+03 3.745503e+03 4.794025e+03
-4.737066e+03 3.712746e+03 4.752098e+03
-4.804988e+03 3.679513e+03 4.709562e+03
-4.872296e+03 3.645810e+03 4.666424e+03
-4.938979e+03 3.611640e+03 4.622689e+03
-5.005031e+03 3.577008e+03 4.578361e+03
-5.070442e+03 3.541918e+03 4.533448e+03
-5.135203e+03 3.506374e+03 4.487954e+03
-5.199308e+03 3.470382e+03 4.441886e+03
-5.262747e+03 3.433946e+03 4.395250e+03
-5.325512e+03 3.397070e+03 4.348051e+03
-5.387596e+03 3.359759e+03 4.300295e+03
-5.448990e+03 3.322018e+03 4.251989e+03
-5.509687e+03 3.283852e+03 4.203139e+03
-5.569679e+03 3.245265e+03 4.153750e+03
-5.628957e+03 3.206264e+03 4.103830e+03
-5.687515e+03 3.166852e+03 4.053385e+03
-5.745345e+03 3.127034e+03 4.002421e+03
-5.802440e+03 3.086816e+03 3.950945e+03
-5.858792e+03 3.046203e+03 3.898963e+03
-5.914394e+03 3.005201e+03 3.846481e+03
-5.969239e+03 2.963813e+03 3.793508e+03
-6.023320e+03 2.922046e+03 3.740049e+03
-6.076630e+03 2.879906e+03 3.686111e+03
-6.129163e+03 2.837396e+03 3.631701e+03
-6.180911e+03 2.794524e+03 3.576827e+03
-6.231867e+03 2.751293e+03 3.521495e+03
-6.282026e+03 2.707711e+03 3.465712e+03
-6.331381e+03 2.663782e+03 3.409485e+03
-6.379926e+03 2.619512e+03 3.352822e+03
-6.427653e+03 2.574907e+03 3.295730e+03
-6.474559e+03 2.529972e+03 3.238216e+03
-6.520635e+03 2.484713e+03 3.180288e+03
-6.565877e+03 2.439136e+03 3.121952e+03
-6.610278e+03 2.393247e+03 3.063217e+03
-6.653834e+03 2.347052e+03 3.004090e+03
-6.696537e+03 2.300556e+03 2.944578e+03
-6.738384e+03 2.253766e+03 2.884689e+03
-6.779368e+03 2.206688e+03 2.824431e+03
-6.819484e+03 2.159327e+03 2.763812e+03
-6.858727e+03 2.111689e+03 2.702839e+03
-6.897093e+03 2.063781e+03 2.641520e+03
-6.934575e+03 2.015610e+03 2.579863e+03
-6.971171e+03 1.967180e+03 2.517875e+03
-7.006873e+03 1.918498e+03 2.455565e+03
-7.041679e+03 1.869571e+03 2.392941e+03
-7.075584e+03 1.820404e+03 2.330011e+03
-7.108583e+03 1.771005e+03 2.266782e+03
-7.140672e+03 1.721378e+03 2.203264e+03
-7.171847e+03 1.671532e+03 2.139463e+03
-7.202104e+03 1.621471e+03 2.075389e+03
-7.231439e+03 1.571203e+03 2.011048e+03
-7.259849e+03 1.520734e+03 1.946451e+03
-7.287329e+03 1.470070e+03 1.881604e+03
-7.313877e+03 1.419218e+03 1.816516e+03
-7.339488e+03 1.368185e+03 1.751196e+03
-7.364161e+03 1.316976e+03 1.685652e+03
-7.387890e+03 1.265598e+03 1.619892e+03
-7.410674e+03 1.214059e+03 1.553925e+03
-7.432509e+03 1.162364e+03 1.487759e+03
-7.453393e+03 1.110521e+03 1.421402e+03
-7.473323e+03 1.058535e+03 1.354863e+03
-7.492296e+03 1.006414e+03 1.288151e+03
-7.510311e+03 9.541642e+02 1.221274e+03
-7.527364e+03 9.017921e+02 1.154241e+03
-7.543453e+03 8.493046e+02 1.087060e+03
-7.558578e+03 7.967083e+02 1.019740e+03
-7.572734e+03 7.440101e+02 9.522895e+02
-7.585921e+03 6.912167e+02 8.847170e+02
-7.598138e+03 6.383348e+02 8.170313e+02
-7.609382e+03 5.853712e+02 7.492409e+02
-7.619651e+03 5.323326e+02 6.813547e+02
-7.628946e+03 4.792260e+02 6.133813e+02
-7.637264e+03 4.260580e+02 5.453293e+02
