1.304741161900e+03 -4.525959167943e+03 5.672696137045e+03
1.381018061419e+03 -4.533127946518e+03 5.648766191364e+03
1.457108800684e+03 -4.539830020042e+03 5.624113219319e+03
1.533004388854e+03 -4.546064247849e+03 5.598740376422e+03
1.608695821662e+03 -4.551829548154e+03 5.572650910327e+03
1.684174122342e+03 -4.557124886739e+03 5.545848160412e+03
1.759430382871e+03 -4.561949261639e+03 5.518335557355e+03
1.834455684865e+03 -4.566301732290e+03 5.490116622693e+03
1.909241140667e+03 -4.570181406199e+03 5.461194968371e+03
1.983777934682e+03 -4.573587421632e+03 5.431574296281e+03
2.058057244013e+03 -4.576518980724e+03 5.401258397785e+03
2.132070279685e+03 -4.578975334138e+03 5.370251153235e+03
2.205808328026e+03 -4.580955761786e+03 5.338556531471e+03
2.279262657679e+03 -4.582459616543e+03 5.306178589318e+03
2.352424628135e+03 -4.583486273480e+03 5.273121471061e+03
2.425285596683e+03 -4.584035175508e+03 5.239389407920e+03
2.497836959759e+03 -4.584105814739e+03 5.204986717506e+03
2.570070194322e+03 -4.583697709974e+03 5.169917803266e+03
2.641976778184e+03 -4.582810450159e+03 5.134187153924e+03
2.713548231373e+03 -4.581443673782e+03 5.097799342905e+03
2.784776157468e+03 -4.579597044462e+03 5.060759027746e+03
2.855652163933e+03 -4.577270298195e+03 5.023070949506e+03
2.926167903478e+03 -4.574463220822e+03 4.984739932152e+03
2.996315115291e+03 -4.571175621740e+03 4.945770881950e+03
3.066085545476e+03 -4.567407384886e+03 4.906168786828e+03
3.135470988349e+03 -4.563158444299e+03 4.865938715746e+03
3.204463327547e+03 -4.558428755985e+03 4.825085818039e+03
3.273054456631e+03 -4.553218352581e+03 4.783615322766e+03
3.341236320286e+03 -4.547527317037e+03 4.741532538035e+03
3.409000955266e+03 -4.541355752671e+03 4.698842850325e+03
3.476340411233e+03 -4.534703841445e+03 4.655551723797e+03
3.543246791832e+03 -4.527571815804e+03 4.611664699595e+03
3.609712295420e+03 -4.519959926946e+03 4.567187395136e+03
3.675729136229e+03 -4.511868506653e+03 4.522125503391e+03
3.741289585264e+03 -4.503297937310e+03 4.476484792158e+03
3.806386010788e+03 -4.494248618435e+03 4.430271103320e+03
3.871010786716e+03 -4.484721043339e+03 4.383490352102e+03
3.935156399099e+03 -4.474715710594e+03 4.336148526308e+03
3.998815354735e+03 -4.464233202405e+03 4.288251685561e+03
4.061980221711e+03 -4.453274151687e+03 4.239805960524e+03
4.124643669373e+03 -4.441839205758e+03 4.190817552115e+03
4.186798390709e+03 -4.429929097291e+03 4.141292730713e+03
4.248437142602e+03 -4.417544609669e+03 4.091237835358e+03
4.309552785457e+03 -4.404686539033e+03 4.040659272938e+03
4.370138206173e+03 -4.391355768516e+03 3.989563517368e+03
4.430186358078e+03 -4.377553231913e+03 3.937957108762e+03
4.489690300177e+03 -4.363279874127e+03 3.885846652597e+03
4.548643120778e+03 -4.348536728603e+03 3.833238818867e+03
4.607037977085e+03 -4.333324879352e+03 3.780140341228e+03
4.664868134009e+03 -4.317645419841e+03 3.726558016138e+03
4.722126888542e+03 -4.301499533537e+03 3.672498701984e+03
4.778807608954e+03 -4.284888454333e+03 3.617969318210e+03
4.834903773142e+03 -4.267813423921e+03 3.562976844425e+03
4.890408893814e+03 -4.250275775362e+03 3.507528319511e+03
4.945316557258e+03 -4.232276891954e+03 3.451630840727e+03
4.999620461189e+03 -4.213818163135e+03 3.395291562794e+03
5.053314340821e+03 -4.194901070991e+03 3.338517696983e+03
5.106392007166e+03 -4.175527147605e+03 3.281316510191e+03
5.158847384342e+03 -4.155697929546e+03 3.223695324011e+03
5.210674424470e+03 -4.135415062499e+03 3.165661513794e+03
5.261867206134e+03 -4.114680180709e+03 3.107222507707e+03
5.312419849785e+03 -4.093495012982e+03 3.048385785779e+03
5.362326555179e+03 -4.071861337615e+03 2.989158878949e+03
5.411581637704e+03 -4.049780934643e+03 2.929549368094e+03
5.460179457164e+03 -4.027255679679e+03 2.869564883067e+03
5.508114454656e+03 -4.004287497464e+03 2.809213101715e+03
5.555381188254e+03 -3.980878312828e+03 2.748501748898e+03
5.601974262949e+03 -3.957030147101e+03 2.687438595501e+03
5.647888366912e+03 -3.932745070327e+03 2.626031457437e+03
5.693118306520e+03 -3.908025151000e+03 2.564288194649e+03
5.737658937498e+03 -3.882872554930e+03 2.502216710103e+03
5.781505200559e+03 -3.857289496185e+03 2.439824948777e+03
5.824652155707e+03 -3.831278185645e+03 2.377120896643e+03
5.867094914680e+03 -3.804840932228e+03 2.314112579644e+03
5.908828675903e+03 -3.777980092600e+03 2.250808062670e+03
5.949848758060e+03 -3.750698018612e+03 2.187215448523e+03
5.990150533881e+03 -3.722997160773e+03 2.123342876882e+03
6.029729464394e+03 -3.694880016783e+03 2.059198523257e+03
6.068581131718e+03 -3.666349077907e+03 1.994790597947e+03
6.106701163596e+03 -3.637406952503e+03 1.930127344989e+03
6.144085320267e+03 -3.608056223848e+03 1.865217041097e+03
6.180729419730e+03 -3.578299574678e+03 1.800067994612e+03
6.216629370744e+03 -3.548139733888e+03 1.734688544428e+03
6.251781204250e+03 -3.517579421268e+03 1.669087058935e+03
6.286181011092e+03 -3.486621456408e+03 1.603271934941e+03
6.319824974212e+03 -3.455268704376e+03 1.537251596596e+03
6.352709399218e+03 -3.423524019548e+03 1.471034494323e+03
6.384830653684e+03 -3.391390356338e+03 1.404629103725e+03
6.416185198526e+03 -3.358870713904e+03 1.338043924508e+03
6.446769617668e+03 -3.325968079146e+03 1.271287479389e+03
6.476580558999e+03 -3.292685539129e+03 1.204368313008e+03
6.505614764886e+03 -3.259026224890e+03 1.137294990833e+03
6.533869100912e+03 -3.224993253648e+03 1.070076098061e+03
6.561340498553e+03 -3.190589842812e+03 1.002720238525e+03
6.588025984789e+03 -3.155819252943e+03 9.352360335860e+02
6.613922709895e+03 -3.120684729246e+03 8.676321210359e+02
6.639027891886e+03 -3.085189617028e+03 7.999171539869e+02
6.663338845206e+03 -3.049337303887e+03 7.320997997667e+02
6.686853007536e+03 -3.013131160539e+03 6.641887388080e+02
6.709567886068e+03 -2.976574657616e+03 5.961926635377e+02
6.731481085239e+03 -2.939671307127e+03 5.281202772644e+02
