1.745329e-03 -1.131365e-03 1.745329e-03
-1.629789e-04 -1.131534e-03 -1.605421e-04
-1.748959e-05 -1.131439e-03 -1.671966e-05
-1.360639e-06 -1.131397e-03 -1.085105e-06
-1.774394e-07 -1.131405e-03 1.468160e-07
3.791663e-08 -1.131365e-03 3.674766e-08
7.509564e-09 -1.131363e-03 -7.558427e-09
-1.628589e-09 -1.131365e-03 -1.577827e-09
-3.175518e-10 -1.131365e-03 3.386526e-10
7.238586e-11 -1.131365e-03 6.708635e-11
1.339162e-11 -1.131365e-03 -1.578579e-11
-4.227761e-12 -1.131365e-03 -2.064649e-12
5.105772e-13 -1.131365e-03 8.287122e-13
-2.037201e-14 -1.131365e-03 -1.970588e-13
-1.379671e-14 -1.131365e-03 3.711859e-14
5.952627e-15 -1.131365e-03 -6.581318e-15
-1.140751e-15 -1.131365e-03 1.234268e-15
-9.074841e-16 -1.131365e-03 -6.857654e-16
1.589006e-16 -1.131365e-03 -2.041135e-16
-4.177643e-16 -1.131365e-03 -6.901317e-16
2.837115e-16 -1.131365e-03 -4.540647e-16
-3.058788e-04 -1.087347e-03 8.349530e-03
-2.314302e-04 -1.116536e-03 8.708887e-03
-1.404042e-04 -1.149733e-03 8.722532e-03
-1.732997e-04 -1.140892e-03 5.526356e-03
-3.629743e-04 -1.075184e-03 5.142354e-04
-3.856756e-04 -1.065437e-03 3.476323e-05
-3.880360e-04 -1.065324e-03 1.988440e-06
-3.871873e-04 -1.063456e-03 -6.936486e-07
-3.869045e-04 -1.063079e-03 1.981830e-08
-3.869472e-04 -1.063141e-03 5.348118e-09
-8.452573e-05 -1.126580e-03 -8.350288e-03
-1.644626e-04 -1.128514e-03 -8.709704e-03
-2.613212e-04 -1.128442e-03 -8.723376e-03
-2.272632e-04 -1.131256e-03 -5.524502e-03
-2.662152e-05 -1.134387e-03 -5.140173e-04
-1.971953e-06 -1.132934e-03 -3.474759e-05
2.988563e-07 -1.134073e-03 -2.230418e-06
1.155994e-07 -1.131675e-03 7.022828e-07
-1.699072e-08 -1.131224e-03 7.408103e-08
-5.768941e-09 -1.131350e-03 -2.923251e-08
2.664279e-10 7.218847e-03 -2.581753e-09
4.320814e-10 7.579095e-03 -1.033416e-09
4.046711e-10 7.594586e-03 -9.357114e-10
2.346332e-10 4.399708e-03 -5.887020e-10
1.160464e-11 -6.161950e-04 -5.337515e-11
-3.096063e-12 -1.097000e-03 -2.992945e-12
-2.161523e-12 -1.129341e-03 1.399438e-13
-1.337819e-12 -1.131253e-03 2.194379e-13
-9.037181e-13 -1.131359e-03 1.675634e-13
-6.498420e-13 -1.131364e-03 1.295370e-13
-7.866845e-13 -9.481576e-03 3.068655e-13
-7.801992e-13 -9.841824e-03 3.235416e-13
-7.786579e-13 -9.857315e-03 3.423220e-13
-4.945371e-13 -6.662444e-03 2.321615e-13
-4.918840e-14 -1.646535e-03 2.819298e-14
-4.580751e-15 -1.165729e-03 4.706044e-15
-1.000969e-15 -1.133388e-03 1.811962e-15
-4.493656e-16 -1.131476e-03 1.084875e-15
-3.376995e-16 -1.131371e-03 7.523517e-16
-2.259688e-16 -1.131365e-03 5.693796e-16
8.351149e-03 -1.074442e-03 3.427004e-04
8.710136e-03 -1.110038e-03 2.634816e-04
8.722162e-03 -1.158999e-03 1.479454e-04
5.524846e-03 -1.156884e-03 1.551615e-04
5.176635e-04 -1.077627e-03 3.456942e-04
4.058675e-05 -1.071987e-03 3.600168e-04
-8.201372e-06 -1.065026e-03 3.812154e-04
-8.642459e-07 -1.062613e-03 3.885319e-04
-9.085007e-08 -1.063048e-03 3.872089e-04
-2.052227e-08 -1.063162e-03 3.868677e-04
-8.349828e-03 -1.130117e-03 4.647927e-05
-8.708709e-03 -1.135934e-03 1.329685e-04
-8.720673e-03 -1.140113e-03 2.575692e-04
-5.532686e-03 -1.138341e-03 2.500330e-04
-5.186493e-04 -1.129275e-03 4.393834e-05
-4.011629e-05 -1.128164e-03 2.743609e-05
7.623386e-06 -1.130532e-03 6.282997e-06
1.373000e-06 -1.131547e-03 -1.558399e-06
-3.285838e-07 -1.131401e-03 -2.807709e-07
-5.765645e-08 -1.131357e-03 6.910458e-08
1.457332e-08 -1.131363e-03 1.190189e-08
2.437875e-09 -1.131365e-03 -3.060607e-09
-6.451950e-10 -1.131365e-03 -5.034044e-10
-1.029289e-10 -1.131365e-03 1.355819e-10
2.900837e-11 -1.131365e-03 2.119645e-11
3.823128e-12 -1.131365e-03 -7.092645e-12
-1.552126e-12 -1.131365e-03 4.092469e-13
3.277213e-13 -1.131365e-03 8.747200e-14
-5.595254e-14 -1.131365e-03 -4.736378e-14
6.123935e-15 -1.131365e-03 1.427409e-14
-1.635514e-15 -1.131365e-03 -3.055769e-15
-6.794418e-16 -1.131365e-03 1.037760e-15
-8.712487e-16 -1.131365e-03 1.776976e-16
-3.239533e-16 -1.131365e-03 4.785646e-16
-3.212602e-16 -1.131365e-03 3.372817e-16
-8.093988e-16 -1.131365e-03 4.020883e-16
-3.915277e-16 -1.131365e-03 1.457513e-16
-8.277660e-16 -1.131365e-03 2.932586e-16
-3.308124e-16 -1.131365e-03 2.690909e-16
-6.998877e-16 -1.131365e-03 2.772457e-16
