1.867382218283e-01 7.745234741044e-01 -2.666898192752e-01 -5.423271751117e-01 0.000000000000e+00 0.000000000000e+00 0.000000000000e+00 
1.853114407810e-01 7.774073617600e-01 -2.682377986830e-01 -5.379088651014e-01 0.000000000000e+00 0.000000000000e+00 0.000000000000e+00 
1.837144190621e-01 7.805944587948e-01 -2.688280981595e-01 -5.335285903937e-01 0.000000000000e+00 0.000000000000e+00 0.000000000000e+00 
1.821847714624e-01 7.836139612858e-01 -2.698229833399e-01 -5.291062524548e-01 0.000000000000e+00 0.000000000000e+00 0.000000000000e+00 
1.806560673806e-01 7.865956218819e-01 -2.708462626374e-01 -5.246646690698e-01 0.000000000000e+00 0.000000000000e+00 0.000000000000e+00 
1.791215082522e-01 7.895509274775e-01 -2.718640815528e-01 -5.202064391781e-01 0.000000000000e+00 0.000000000000e+00 0.000000000000e+00 
1.775807255636e-01 7.924809524379e-01 -2.728730893222e-01 -5.157318131114e-01 0.000000000000e+00 0.000000000000e+00 0.000000000000e+00 
1.760342772453e-01 7.953856621426e-01 -2.738732511624e-01 -5.112406712993e-01 0.000000000000e+00 0.000000000000e+00 0.000000000000e+00 
1.744822181774e-01 7.982649205098e-01 -2.748646542129e-01 -5.067331586623e-01 0.000000000000e+00 0.000000000000e+00 0.000000000000e+00 
1.729245749977e-01 8.011186328631e-01 -2.758472666232e-01 -5.022094313511e-01 0.000000000000e+00 0.000000000000e+00 0.000000000000e+00 
1.713613973382e-01 8.039467097508e-01 -2.768210518091e-01 -4.976696340531e-01 0.000000000000e+00 0.000000000000e+00 0.000000000000e+00 
1.697927362258e-01 8.067490607813e-01 -2.777859786264e-01 -4.931139115174e-01 0.000000000000e+00 0.000000000000e+00 0.000000000000e+00 
1.682186418657e-01 8.095255961935e-01 -2.787420164328e-01 -4.885424095321e-01 0.000000000000e+00 0.000000000000e+00 0.000000000000e+00 
1.666391645756e-01 8.122762271398e-01 -2.796891346233e-01 -4.839552744074e-01 0.000000000000e+00 0.000000000000e+00 0.000000000000e+00 
1.650543549062e-01 8.150008656043e-01 -2.806273028825e-01 -4.793526529264e-01 0.000000000000e+00 0.000000000000e+00 0.000000000000e+00 
1.634642635699e-01 8.176994243992e-01 -2.815564911917e-01 -4.747346923711e-01 0.000000000000e+00 0.000000000000e+00 0.000000000000e+00 
1.618689414490e-01 8.203718171717e-01 -2.824766698168e-01 -4.701015405142e-01 0.000000000000e+00 0.000000000000e+00 0.000000000000e+00 
1.602684395931e-01 8.230179584065e-01 -2.833878093127e-01 -4.654533456145e-01 0.000000000000e+00 0.000000000000e+00 0.000000000000e+00 
1.586628092176e-01 8.256377634282e-01 -2.842898805231e-01 -4.607902564124e-01 0.000000000000e+00 0.000000000000e+00 0.000000000000e+00 
1.570521017019e-01 8.282311484043e-01 -2.851828545822e-01 -4.561124221244e-01 0.000000000000e+00 0.000000000000e+00 0.000000000000e+00 
1.554363685879e-01 8.307980303476e-01 -2.860667029154e-01 -4.514199924394e-01 0.000000000000e+00 0.000000000000e+00 0.000000000000e+00 
1.795487350713e-01 8.285115868032e-01 -2.994263334818e-01 -4.378066617638e-01 0.000000000000e+00 0.000000000000e+00 0.000000000000e+00 
2.139899997894e-01 8.228190007492e-01 -3.178466516868e-01 -4.197030831524e-01 0.000000000000e+00 0.000000000000e+00 0.000000000000e+00 
2.482349966928e-01 8.153676885503e-01 -3.362782850538e-01 -4.005893581792e-01 0.000000000000e+00 0.000000000000e+00 0.000000000000e+00 
2.832387823664e-01 8.057090897009e-01 -3.552543056687e-01 -3.800039910854e-01 0.000000000000e+00 0.000000000000e+00 0.000000000000e+00 
2.907272426381e-01 8.051212742614e-01 -3.598186305009e-01 -3.711980027750e-01 0.000000000000e+00 0.000000000000e+00 0.000000000000e+00 
2.902254377918e-01 8.075106584693e-01 -3.601777083074e-01 -3.660160517731e-01 0.000000000000e+00 0.000000000000e+00 0.000000000000e+00 
2.890598102474e-01 8.101268607142e-01 -3.601766734162e-01 -3.611255454491e-01 0.000000000000e+00 0.000000000000e+00 0.000000000000e+00 
2.878381762765e-01 8.127336545311e-01 -3.601389688345e-01 -3.562486690462e-01 0.000000000000e+00 0.000000000000e+00 0.000000000000e+00 
2.866077229954e-01 8.153118499198e-01 -3.600900813337e-01 -3.513655273712e-01 0.000000000000e+00 0.000000000000e+00 0.000000000000e+00 
2.853688620537e-01 8.178630850032e-01 -3.600305437707e-01 -3.464716356522e-01 0.000000000000e+00 0.000000000000e+00 0.000000000000e+00 
2.586796704333e-01 8.282999845276e-01 -3.503733740159e-01 -3.524804427438e-01 0.000000000000e+00 0.000000000000e+00 0.000000000000e+00 
2.210173434758e-01 8.408515617554e-01 -3.358303147703e-01 -3.624058286752e-01 0.000000000000e+00 0.000000000000e+00 0.000000000000e+00 
1.826458689385e-01 8.520717346713e-01 -3.200610704557e-01 -3.717191906704e-01 0.000000000000e+00 0.000000000000e+00 0.000000000000e+00 
1.425166069853e-01 8.620929747758e-01 -3.024819968119e-01 -3.807746855822e-01 0.000000000000e+00 0.000000000000e+00 0.000000000000e+00 
1.314537573259e-01 8.659171315821e-01 -2.986103609359e-01 -3.791296391200e-01 0.000000000000e+00 0.000000000000e+00 0.000000000000e+00 
1.290001232953e-01 8.681850280960e-01 -2.989658177266e-01 -3.744771889059e-01 0.000000000000e+00 0.000000000000e+00 0.000000000000e+00 
1.272515051506e-01 8.703018563617e-01 -2.996667476986e-01 -3.695694435068e-01 0.000000000000e+00 0.000000000000e+00 0.000000000000e+00 
1.255518683941e-01 8.723808427567e-01 -3.003840858009e-01 -3.646337813909e-01 0.000000000000e+00 0.000000000000e+00 0.000000000000e+00 
1.238522266643e-01 8.744291954863e-01 -3.010902279777e-01 -3.596927614616e-01 0.000000000000e+00 0.000000000000e+00 0.000000000000e+00 
1.221471407513e-01 8.764498094350e-01 -3.017859027915e-01 -3.547408581261e-01 0.000000000000e+00 0.000000000000e+00 0.000000000000e+00 
1.295524102783e-01 8.674348498976e-01 -2.986817752318e-01 -3.762474602155e-01 0.000000000000e+00 0.000000000000e+00 0.000000000000e+00 
1.406310636922e-01 8.527582632744e-01 -2.936282192848e-01 -4.084222290493e-01 0.000000000000e+00 0.000000000000e+00 0.000000000000e+00 
1.516708350374e-01 8.366475717324e-01 -2.880808626481e-01 -4.404840690529e-01 0.000000000000e+00 0.000000000000e+00 0.000000000000e+00 
1.630268631645e-01 8.184356125999e-01 -2.818099814516e-01 -4.734643854286e-01 0.000000000000e+00 0.000000000000e+00 0.000000000000e+00 
1.645518026666e-01 8.158575415994e-01 -2.809222801739e-01 -4.778931350798e-01 0.000000000000e+00 0.000000000000e+00 0.000000000000e+00 
1.632137404274e-01 8.181214008840e-01 -2.817017893922e-01 -4.740071204154e-01 0.000000000000e+00 0.000000000000e+00 0.000000000000e+00 
1.616338398119e-01 8.207626992315e-01 -2.826112613336e-01 -4.694187558517e-01 0.000000000000e+00 0.000000000000e+00 0.000000000000e+00 
1.600335192414e-01 8.234034327646e-01 -2.835205388010e-01 -4.647710874277e-01 0.000000000000e+00 0.000000000000e+00 0.000000000000e+00 
1.584271931664e-01 8.260192891395e-01 -2.844212503786e-01 -4.601059777572e-01 0.000000000000e+00 0.000000000000e+00 0.000000000000e+00 
1.568157490071e-01 8.286087928539e-01 -2.853128880089e-01 -4.554260040935e-01 0.000000000000e+00 0.000000000000e+00 0.000000000000e+00 
1.464516338129e-01 8.444541470345e-01 -2.907688809923e-01 -4.253264280013e-01 0.000000000000e+00 0.000000000000e+00 0.000000000000e+00 
1.321179136951e-01 8.641649177714e-01 -2.975558436329e-01 -3.836982821097e-01 0.000000000000e+00 0.000000000000e+00 0.000000000000e+00 
1.173043255768e-01 8.820118481479e-01 -3.037010345705e-01 -3.406764983507e-01 0.000000000000e+00 0.000000000000e+00 0.000000000000e+00 
1.016197320527e-01 8.982797636189e-01 -3.093025270743e-01 -2.951251312169e-01 0.000000000000e+00 0.000000000000e+00 0.000000000000e+00 
9.643005761942e-02 9.030922264627e-01 -3.109595909186e-01 -2.800532222737e-01 0.000000000000e+00 0.000000000000e+00 0.000000000000e+00 
9.438899021751e-02 9.049091498276e-01 -3.115852078042e-01 -2.741255321228e-01 0.000000000000e+00 0.000000000000e+00 0.000000000000e+00 
9.260697246320e-02 9.064607984989e-01 -3.121194832879e-01 -2.689501767764e-01 0.000000000000e+00 0.000000000000e+00 0.000000000000e+00 
9.083886023059e-02 9.079685643720e-01 -3.126386487124e-01 -2.638152059975e-01 0.000000000000e+00 0.000000000000e+00 0.000000000000e+00 
8.906881822641e-02 9.094464317413e-01 -3.131475192564e-01 -2.586746307550e-01 0.000000000000e+00 0.000000000000e+00 0.000000000000e+00 
8.729597953063e-02 9.108951519973e-01 -3.136463536445e-01 -2.535259333304e-01 0.000000000000e+00 0.000000000000e+00 0.000000000000e+00 
7.909585239352e-02 9.022111110064e-01 -3.419290619268e-01 -2.506860066311e-01 0.000000000000e+00 0.000000000000e+00 0.000000000000e+00 
6.776236291611e-02 8.878828998197e-01 -3.812652172634e-01 -2.484130682653e-01 0.000000000000e+00 0.000000000000e+00 0.000000000000e+00 
5.562903650875e-02 8.717433954651e-01 -4.202365664590e-01 -2.457032579573e-01 0.000000000000e+00 0.000000000000e+00 0.000000000000e+00 
4.218553795431e-02 8.531725712408e-01 -4.598282382688e-01 -2.426415779713e-01 0.000000000000e+00 0.000000000000e+00 0.000000000000e+00 
3.811675459454e-02 8.493024927333e-01 -4.698000926445e-01 -2.377399036918e-01 0.000000000000e+00 0.000000000000e+00 0.000000000000e+00 
3.689956724387e-02 8.500559661259e-01 -4.712173203463e-01 -2.323736503924e-01 0.000000000000e+00 0.000000000000e+00 0.000000000000e+00 
3.593704740835e-02 8.512043153595e-01 -4.718574091528e-01 -2.269588675607e-01 0.000000000000e+00 0.000000000000e+00 0.000000000000e+00 
3.507956542001e-02 8.523383105220e-01 -4.724606679279e-01 -2.215169198223e-01 0.000000000000e+00 0.000000000000e+00 0.000000000000e+00 
3.422153503469e-02 8.534338831124e-01 -4.730689916198e-01 -2.160676349282e-01 0.000000000000e+00 0.000000000000e+00 0.000000000000e+00 
3.335725346642e-02 8.545027256968e-01 -4.736610585610e-01 -2.106124094654e-01 0.000000000000e+00 0.000000000000e+00 0.000000000000e+00 
3.759146066840e-02 8.696078844655e-01 -4.478438126273e-01 -2.044625365480e-01 0.000000000000e+00 0.000000000000e+00 0.000000000000e+00 
4.418171664107e-02 8.892065959548e-01 -4.102884362006e-01 -1.975424125224e-01 0.000000000000e+00 0.000000000000e+00 0.000000000000e+00 
5.127556071783e-02 9.073070260684e-01 -3.715837244930e-01 -1.899745062158e-01 0.000000000000e+00 0.000000000000e+00 0.000000000000e+00 
5.930461199322e-02 9.242360236657e-01 -3.305777014304e-01 -1.816290694576e-01 0.000000000000e+00 0.000000000000e+00 0.000000000000e+00 
6.000767645009e-02 9.288208026748e-01 -3.207522562756e-01 -1.755248853575e-01 0.000000000000e+00 0.000000000000e+00 0.000000000000e+00 
5.849632982666e-02 9.300872793668e-01 -3.202435161667e-01 -1.701761514140e-01 0.000000000000e+00 0.000000000000e+00 0.000000000000e+00 
5.678246973712e-02 9.310366595720e-01 -3.205582531438e-01 -1.648905576585e-01 0.000000000000e+00 0.000000000000e+00 0.000000000000e+00 
5.496709979231e-02 9.319468955572e-01 -3.208962032596e-01 -1.596221429978e-01 0.000000000000e+00 0.000000000000e+00 0.000000000000e+00 
5.314629876616e-02 9.328350779000e-01 -3.212018763354e-01 -1.543487706637e-01 0.000000000000e+00 0.000000000000e+00 0.000000000000e+00 
5.132850713303e-02 9.336935991407e-01 -3.214964347892e-01 -1.490694123455e-01 0.000000000000e+00 0.000000000000e+00 0.000000000000e+00 
4.950925054741e-02 9.345219079347e-01 -3.217816547415e-01 -1.437852717495e-01 0.000000000000e+00 0.000000000000e+00 0.000000000000e+00 
4.768820446266e-02 9.353203050699e-01 -3.220566107465e-01 -1.384965759630e-01 0.000000000000e+00 0.000000000000e+00 0.000000000000e+00 
4.586562511448e-02 9.360887869107e-01 -3.223212197051e-01 -1.332034488320e-01 0.000000000000e+00 0.000000000000e+00 0.000000000000e+00 
4.404158702357e-02 9.368273146208e-01 -3.225755131974e-01 -1.279060572385e-01 0.000000000000e+00 0.000000000000e+00 0.000000000000e+00 
4.221613991553e-02 9.375358636361e-01 -3.228194862189e-01 -1.226045726883e-01 0.000000000000e+00 0.000000000000e+00 0.000000000000e+00 
4.038934151647e-02 9.382144119037e-01 -3.230531292120e-01 -1.172991649345e-01 0.000000000000e+00 0.000000000000e+00 0.000000000000e+00 
3.856125066945e-02 9.388629377516e-01 -3.232764345627e-01 -1.119900036594e-01 0.000000000000e+00 0.000000000000e+00 0.000000000000e+00 
3.673192589758e-02 9.394814203960e-01 -3.234893952148e-01 -1.066772587484e-01 0.000000000000e+00 0.000000000000e+00 0.000000000000e+00 
3.490142571675e-02 9.400698400474e-01 -3.236920043494e-01 -1.013611002132e-01 0.000000000000e+00 0.000000000000e+00 0.000000000000e+00 
3.306980870616e-02 9.406281778771e-01 -3.238842554816e-01 -9.604169816713e-02 0.000000000000e+00 0.000000000000e+00 0.000000000000e+00 
3.123713347617e-02 9.411564160184e-01 -3.240661424600e-01 -9.071922282893e-02 0.000000000000e+00 0.000000000000e+00 0.000000000000e+00 
2.940345867162e-02 9.416545375679e-01 -3.242376594643e-01 -8.539384451547e-02 0.000000000000e+00 0.000000000000e+00 0.000000000000e+00 
2.756884296933e-02 9.421225265859e-01 -3.243988010059e-01 -8.006573363650e-02 0.000000000000e+00 0.000000000000e+00 0.000000000000e+00 
2.573334507617e-02 9.425603680969e-01 -3.245495619284e-01 -7.473506068923e-02 0.000000000000e+00 0.000000000000e+00 0.000000000000e+00 
2.389702372727e-02 9.429680480904e-01 -3.246899374075e-01 -6.940199625285e-02 0.000000000000e+00 0.000000000000e+00 0.000000000000e+00 
2.205993768411e-02 9.433455535206e-01 -3.248199229513e-01 -6.406671098308e-02 0.000000000000e+00 0.000000000000e+00 0.000000000000e+00 
2.022214573264e-02 9.436928723076e-01 -3.249395144003e-01 -5.872937560672e-02 0.000000000000e+00 0.000000000000e+00 0.000000000000e+00 
1.838370668139e-02 9.440099933373e-01 -3.250487079276e-01 -5.339016091614e-02 0.000000000000e+00 0.000000000000e+00 0.000000000000e+00 
1.654467935961e-02 9.442969064619e-01 -3.251475000390e-01 -4.804923776386e-02 0.000000000000e+00 0.000000000000e+00 0.000000000000e+00 
1.470512261535e-02 9.445536025005e-01 -3.252358875733e-01 -4.270677705709e-02 0.000000000000e+00 0.000000000000e+00 0.000000000000e+00 
