1.000000000000e-06 1.000000000000e-06 1.000000000000e-06 1.000000000000e-06 1.000000000000e-06 1.000000000000e-06 1.000000000000e-06 1.000000000000e-06 
3.860090242356e-07 -5.335307129799e-07 -6.251893019766e-07 5.335234901166e-07 3.860090242356e-07 -5.335307129799e-07 -6.251893019766e-07 5.335234901166e-07 
-5.859879574005e-07 2.846525302784e-07 -9.881691029718e-08 2.845709417988e-07 -5.859879574005e-07 2.846525302784e-07 -9.881691029718e-08 2.845709417988e-07 
-7.896638573614e-07 -1.518682091135e-07 6.751393608447e-07 1.517438036136e-07 -7.896638573614e-07 -1.518682091135e-07 6.751393608447e-07 1.517438036136e-07 
-8.858984973814e-08 8.102422659228e-08 -7.585159129161e-07 8.089369540958e-08 -8.858984973814e-08 8.102422659228e-08 -7.585159129161e-07 8.089369540958e-08 
6.285003496524e-07 -4.322740018773e-08 3.546842704448e-07 4.311233078497e-08 6.285003496524e-07 -4.322740018773e-08 3.546842704448e-07 4.311233078497e-08 
5.599568715197e-07 2.306213654777e-08 2.246769288331e-07 2.297054014462e-08 5.599568715197e-07 2.306213654777e-08 2.246769288331e-07 2.297054014462e-08 
-1.250030699654e-07 -1.230371214558e-08 -5.942263778302e-07 1.223554970897e-08 -1.250030699654e-07 -1.230371214558e-08 -5.942263778302e-07 1.223554970897e-08 
-5.896654614870e-07 6.564006235334e-09 5.461683878800e-07 6.515653319710e-09 -5.896654614870e-07 6.564006235334e-09 5.461683878800e-07 6.515653319710e-09 
-3.418140974087e-07 -3.501853780333e-09 -1.600610006282e-07 3.468759758586e-09 -3.418140974087e-07 -3.501853780333e-09 -1.600610006282e-07 3.468759758586e-09 
2.579891422481e-07 1.868199414565e-09 -2.811851627511e-07 1.846170242631e-09 2.579891422481e-07 1.868199414565e-09 -2.811851627511e-07 1.846170242631e-09 
4.992334701529e-07 -9.966545532257e-10 4.933661833416e-07 9.823131864013e-10 4.992334701529e-07 -9.966545532257e-10 4.933661833416e-07 9.823131864013e-10 
1.552037164532e-07 5.316946355317e-10 -3.699977978585e-07 5.225264372600e-10 1.552037164532e-07 5.316946355317e-10 -3.699977978585e-07 5.225264372600e-10 
-3.212972466660e-07 -2.836456330064e-10 2.834386229915e-08 2.778727275216e-10 -3.212972466660e-07 -2.836456330064e-10 2.834386229915e-08 2.778727275216e-10 
-3.831930309869e-07 1.513164430288e-10 2.908035949286e-07 1.477277770610e-10 -3.831930309869e-07 1.513164430288e-10 2.908035949286e-07 1.477277770610e-10 
-1.041111233749e-08 -8.072208018129e-11 -3.892507411394e-07 7.851563254815e-11 -1.041111233749e-08 -8.072208018129e-11 -3.892507411394e-07 7.851563254815e-11 
3.299620595657e-07 4.306205631339e-11 2.311025607833e-07 4.171832957950e-11 3.299620595657e-07 4.306205631339e-11 2.311025607833e-07 4.171832957950e-11 
2.621410314581e-07 -2.297171301367e-11 5.381217826299e-08 2.216019050867e-11 2.621410314581e-07 -2.297171301367e-11 5.381217826299e-08 2.216019050867e-11 
-9.003279283689e-08 1.225429121122e-11 -2.712166175882e-07 1.176778667257e-11 -9.003279283689e-08 1.225429121122e-11 -2.712166175882e-07 1.176778667257e-11 
-3.002079929975e-07 -6.537010883539e-12 2.922619328001e-07 6.247260797073e-12 -3.002079929975e-07 -6.537010883539e-12 2.922619328001e-07 6.247260797073e-12 
-1.507476746923e-07 3.487116166045e-12 -1.268906581911e-07 3.315559199701e-12 -1.507476746923e-07 3.487116166045e-12 -1.268906581911e-07 3.315559199701e-12 
1.491899054051e-07 -1.860157928031e-12 -9.880975661964e-08 1.759117700191e-12 1.491899054051e-07 -1.860157928031e-12 -9.880975661964e-08 1.759117700191e-12 
2.473202679111e-07 9.922689782884e-13 2.356735469895e-07 9.330448939557e-13 2.473202679111e-07 9.922689782884e-13 2.356735469895e-07 9.330448939557e-13 
5.803075298854e-08 -5.293040339196e-13 -2.080574807577e-07 4.947413236157e-13 5.803075298854e-08 -5.293040339196e-13 -2.080574807577e-07 4.947413236157e-13 
-1.736271616821e-07 2.823431046562e-13 5.276405713262e-08 2.622528468623e-13 -1.736271616821e-07 2.823431046562e-13 5.276405713262e-08 2.622528468623e-13 
-1.842862278597e-07 -1.506070698781e-13 1.173978908434e-07 1.389718650800e-13 -1.842862278597e-07 -1.506070698781e-13 1.173978908434e-07 1.389718650800e-13 
1.184470389773e-08 8.033591094865e-14 -1.935832827898e-07 7.362009511312e-14 1.184470389773e-08 8.033591094865e-14 -1.935832827898e-07 7.362009511312e-14 
1.716052470307e-07 -4.285191895804e-14 1.389430396194e-07 3.898762018220e-14 1.716052470307e-07 -4.285191895804e-14 1.389430396194e-07 3.898762018220e-14 
1.211119754580e-07 2.285740980884e-14 -3.312921325927e-09 2.064029382923e-14 1.211119754580e-07 2.285740980884e-14 -3.312921325927e-09 2.064029382923e-14 
-5.849292161017e-08 -1.219214000093e-14 -1.183862075501e-07 1.092349538878e-14 -5.849292161017e-08 -1.219214000093e-14 -1.183862075501e-07 1.092349538878e-14 
-1.516529431179e-07 6.503229072323e-15 1.512095464264e-07 5.779119401137e-15 -1.516529431179e-07 6.503229072323e-15 1.512095464264e-07 5.779119401137e-15 
-6.467616371081e-08 -3.468760750989e-15 -8.499506396216e-08 3.056423498816e-15 -6.467616371081e-08 -3.468760750989e-15 -8.499506396216e-08 3.056423498816e-15 
8.416216533348e-08 1.850187842302e-15 -2.689105142821e-08 1.615900496718e-15 8.416216533348e-08 1.850187842302e-15 -2.689105142821e-08 1.615900496718e-15 
1.215602257600e-07 -9.868553036016e-16 1.086414992658e-07 8.540084450293e-16 1.215602257600e-07 -9.868553036016e-16 1.086414992658e-07 8.540084450293e-16 
1.896805571094e-08 5.263653769124e-16 -1.123662248099e-07 4.511835596266e-16 1.896805571094e-08 5.263653769124e-16 -1.123662248099e-07 4.511835596266e-16 
-9.266423396428e-08 -2.807484238197e-16 4.493481591154e-08 2.382784853269e-16 -9.266423396428e-08 -2.807484238197e-16 4.493481591154e-08 2.382784853269e-16 
-8.776752973345e-08 1.497419601469e-16 4.281310127550e-08 1.257921649081e-16 -8.776752973345e-08 1.497419601469e-16 4.281310127550e-08 1.257921649081e-16 
1.443658944414e-08 -7.986672460907e-17 -9.325537365004e-08 6.638287993974e-17 1.443658944414e-08 -7.986672460907e-17 -9.325537365004e-08 6.638287993974e-17 
8.847101465337e-08 4.259752883275e-17 7.905203042510e-08 3.501778431591e-17 8.847101465337e-08 4.259752883275e-17 7.905203042510e-08 3.501778431591e-17 
5.509282976029e-08 -2.271951762065e-17 -1.677547344571e-08 1.846492013011e-17 5.509282976029e-08 -2.271951762065e-17 -1.677547344571e-08 1.846492013011e-17 
-3.578798319231e-08 1.211741477838e-17 -4.870456938814e-08 9.732586895513e-18 -3.578798319231e-08 1.211741477838e-17 -4.870456938814e-08 9.732586895513e-18 
-7.602336985365e-08 -6.462744798186e-18 7.580075522206e-08 5.127750391598e-18 -7.602336985365e-08 -6.462744798186e-18 7.580075522206e-08 5.127750391598e-18 
-2.671996589126e-08 3.446832682920e-18 -5.199300622154e-08 2.700465125897e-18 -2.671996589126e-08 3.446832682920e-18 -5.199300622154e-08 2.700465125897e-18 
4.656175500143e-08 -1.838313422549e-18 -1.724553113204e-09 1.421538013945e-18 4.656175500143e-08 -1.838313422549e-18 -1.724553113204e-09 1.421538013945e-18 
5.926043881733e-08 9.804265699323e-19 4.801352717246e-08 7.479651890869e-19 5.926043881733e-08 9.804265699323e-19 4.801352717246e-08 7.479651890869e-19 
4.367427242460e-09 -5.228856725397e-19 -5.861972800430e-08 3.933704818371e-19 4.367427242460e-09 -5.228856725397e-19 -5.861972800430e-08 3.933704818371e-19 
-4.891444153102e-08 2.788653563393e-19 3.108188807567e-08 2.067824821325e-19 -4.891444153102e-08 2.788653563393e-19 3.108188807567e-08 2.067824821325e-19 
-4.135105126779e-08 -1.487231373302e-19 1.276513844566e-08 1.086453289372e-19 -4.135105126779e-08 -1.487231373302e-19 1.276513844566e-08 1.086453289372e-19 
1.143734266911e-08 7.931560837959e-20 -4.340088911022e-08 5.705412514060e-20 1.143734266911e-08 7.931560837959e-20 -4.340088911022e-08 5.705412514060e-20 
4.523632529607e-08 -4.229947006132e-20 4.310519047872e-08 2.994571008309e-20 4.523632529607e-08 -4.229947006132e-20 4.310519047872e-08 2.994571008309e-20 
2.459283331275e-08 2.255835026030e-20 -1.571668914209e-08 1.570891453536e-20 2.459283331275e-08 2.255835026030e-20 -1.571668914209e-08 1.570891453536e-20 
-2.104093638194e-08 -1.203028412400e-20 -1.832873490720e-08 8.235948819341e-21 -2.104093638194e-08 -1.203028412400e-20 -1.832873490720e-08 8.235948819341e-21 
-3.781942518224e-08 6.415648618018e-21 3.681892829891e-08 4.315472421633e-21 -3.781942518224e-08 6.415648618018e-21 3.681892829891e-08 4.315472421633e-21 
-1.043725386413e-08 -3.421380603871e-21 -2.995416120041e-08 2.259857358752e-21 -1.043725386413e-08 -3.421380603871e-21 -2.995416120041e-08 2.259857358752e-21 
2.535197708734e-08 1.824560795088e-21 5.048740620153e-09 1.182665010380e-21 2.535197708734e-08 1.824560795088e-21 5.048740620153e-09 1.182665010380e-21 
2.864039207080e-08 -9.729968093305e-22 2.009307630705e-08 6.185286774333e-22 2.864039207080e-08 -9.729968093305e-22 2.009307630705e-08 6.185286774333e-22 
-4.016522868496e-10 5.188724568028e-22 -2.962068199389e-08 3.232688320312e-22 -4.016522868496e-10 5.188724568028e-22 -2.962068199389e-08 3.232688320312e-22 
-2.556630056360e-08 -2.766979492592e-22 1.938180546892e-08 1.688345719717e-22 -2.556630056360e-08 -2.766979492592e-22 1.938180546892e-08 1.688345719717e-22 
-1.924570911631e-08 1.475527746914e-22 1.845709720511e-09 8.811283240157e-23 -1.924570911631e-08 1.475527746914e-22 1.845709720511e-09 8.811283240157e-23 
7.792927479272e-09 -7.868372924343e-23 -1.940499080126e-08 4.594971121632e-23 7.792927479272e-09 -7.868372924343e-23 -1.940499080126e-08 4.594971121632e-23 
2.294737668356e-08 4.195836925017e-23 2.267848548906e-08 2.394289594852e-23 2.294737668356e-08 4.195836925017e-23 2.267848548906e-08 2.394289594852e-23 
1.071948564142e-08 -2.237424416452e-23 -1.129300292496e-08 1.246533472676e-23 1.071948564142e-08 -2.237424416452e-23 -1.129300292496e-08 1.246533472676e-23 
-1.201973190958e-08 1.193092866808e-23 -5.855132686918e-09 6.484048100648e-24 -1.201973190958e-08 1.193092866808e-23 -5.855132686918e-09 6.484048100648e-24 
-1.866837687255e-08 -6.362037506104e-24 1.729346839357e-08 3.369640202415e-24 -1.866837687255e-08 -6.362037506104e-24 1.729346839357e-08 3.369640202415e-24 
-3.711388727801e-09 3.392456573551e-24 -1.649767254305e-08 1.749419742623e-24 -3.711388727801e-09 3.392456573551e-24 -1.649767254305e-08 1.749419742623e-24 
1.361864737126e-08 -1.808957906342e-24 5.413241661623e-09 9.073060590836e-25 1.361864737126e-08 -1.808957906342e-24 5.413241661623e-09 9.073060590836e-25 
1.371361256742e-08 9.645810231503e-25 7.769036785272e-09 4.700420080484e-25 1.371361256742e-08 9.645810231503e-25 7.769036785272e-09 4.700420080484e-25 
-1.497196783293e-09 -5.143337819014e-25 -1.450533316601e-08 2.432281017664e-25 -1.497196783293e-09 -5.143337819014e-25 -1.450533316601e-08 2.432281017664e-25 
-1.324203404570e-08 2.742505245195e-25 1.131741868860e-08 1.257051835654e-25 -1.324203404570e-08 2.742505245195e-25 1.131741868860e-08 1.257051835654e-25 
-8.831361065848e-09 -1.462331918854e-25 -1.383472366157e-09 6.488132324777e-26 -8.831361065848e-09 -1.462331918854e-25 -1.383472366157e-09 6.488132324777e-26 
4.907943920201e-09 7.797233214087e-26 -8.248091298679e-09 3.344060091804e-26 4.907943920201e-09 7.797233214087e-26 -8.248091298679e-09 3.344060091804e-26 
1.155109123783e-08 -4.157489451946e-26 1.155147338861e-08 1.720967076352e-26 1.155109123783e-08 -4.157489451946e-26 1.155147338861e-08 1.720967076352e-26 
4.527043135296e-09 2.216755787666e-26 -7.194996895741e-09 8.842318649712e-27 4.527043135296e-09 2.216755787666e-26 -7.194996895741e-09 8.842318649712e-27 
-6.716502537462e-09 -1.181954081282e-26 -1.175125988934e-09 4.535234394137e-27 -6.716502537462e-09 -1.181954081282e-26 -1.175125988934e-09 4.535234394137e-27 
-9.141548272819e-09 6.302014705285e-27 7.817308576694e-09 2.321725994995e-27 -9.141548272819e-09 6.302014705285e-27 7.817308576694e-09 2.321725994995e-27 
-1.084817188210e-09 -3.360115989637e-27 -8.755419621597e-09 1.186121063526e-27 -1.084817188210e-09 -3.360115989637e-27 -8.755419621597e-09 1.186121063526e-27 
7.230410253578e-09 1.791534480166e-27 4.072638020520e-09 6.046067192437e-28 7.230410253578e-09 1.791534480166e-27 4.072638020520e-09 6.046067192437e-28 
6.499776652020e-09 -9.551951591909e-28 2.620240028130e-09 3.074324890040e-28 6.499776652020e-09 -9.551951591909e-28 2.620240028130e-09 3.074324890040e-28 
-1.393670976731e-09 5.092782039927e-28 -6.873771182264e-09 1.559019936013e-28 -1.393670976731e-09 5.092782039927e-28 -6.873771182264e-09 1.559019936013e-28 
-6.800680345049e-09 -2.715276724014e-28 6.299099264270e-09 7.882301606579e-29 -6.800680345049e-09 -2.715276724014e-28 6.299099264270e-09 7.882301606579e-29 
-3.984517139739e-09 1.447668514479e-28 -1.828027213677e-09 3.971971611270e-29 -3.984517139739e-09 1.447668514479e-28 -1.828027213677e-09 3.971971611270e-29 
2.942963127793e-09 -7.718273808989e-29 -3.265522941242e-09 1.994047650173e-29 2.942963127793e-09 -7.718273808989e-29 -3.265522941242e-09 1.994047650173e-29 
5.770172355006e-09 4.114975449667e-29 5.702482613381e-09 9.968524050148e-30 5.770172355006e-09 4.114975449667e-29 5.702482613381e-09 9.968524050148e-30 
1.828153781191e-09 -2.193867150783e-29 -4.262885793843e-09 4.959487593981e-30 1.828153781191e-09 -2.193867150783e-29 -4.262885793843e-09 4.959487593981e-30 
-3.687279181405e-09 1.169632444386e-29 3.104896904217e-10 2.453801020556e-30 -3.687279181405e-09 1.169632444386e-29 3.104896904217e-10 2.453801020556e-30 
-4.439060081347e-09 -6.235689572482e-30 3.370589031705e-09 1.206274686696e-30 -4.439060081347e-09 -6.235689572482e-30 3.370589031705e-09 1.206274686696e-30 
-1.512579110013e-10 3.324417505068e-30 -4.495747464066e-09 5.885164606605e-31 -1.512579110013e-10 3.324417505068e-30 -4.495747464066e-09 5.885164606605e-31 
3.798913019607e-09 -1.772321973555e-30 2.658697862049e-09 2.845304242253e-31 3.798913019607e-09 -1.772321973555e-30 2.658697862049e-09 2.845304242253e-31 
3.045763072680e-09 9.448560879894e-31 6.346417517544e-10 1.360484717435e-31 3.045763072680e-09 9.448560879894e-31 6.346417517544e-10 1.360484717435e-31 
-1.015339025305e-09 -5.037147704994e-31 -3.139682102685e-09 6.416061797447e-32 -1.015339025305e-09 -5.037147704994e-31 -3.139682102685e-09 6.416061797447e-32 
-3.464493976092e-09 2.685342447324e-31 3.372993545446e-09 2.972780657540e-32 -3.464493976092e-09 2.685342447324e-31 3.372993545446e-09 2.972780657540e-32 
-1.760547964270e-09 -1.431563551580e-31 -1.456002396519e-09 1.345379275178e-32 -1.760547964270e-09 -1.431563551580e-31 -1.456002396519e-09 1.345379275178e-32 
1.705696399299e-09 7.631634223873e-32 -1.150937266270e-09 5.892085436747e-33 1.705696399299e-09 7.631634223873e-32 -1.150937266270e-09 5.892085436747e-33 
2.860293678537e-09 -4.068369727418e-32 2.725707253996e-09 2.456768110391e-33 2.860293678537e-09 -4.068369727418e-32 2.725707253996e-09 2.456768110391e-33 
6.885126853210e-10 2.168798617884e-32 -2.399129642784e-09 9.440040300109e-34 6.885126853210e-10 2.168798617884e-32 -2.399129642784e-09 9.440040300109e-34 
-1.994699354833e-09 -1.156149463148e-32 6.012534031639e-10 3.078677694193e-34 -1.994699354833e-09 -1.156149463148e-32 6.012534031639e-10 3.078677694193e-34 
-2.136408842554e-09 6.163177418788e-33 1.362711336093e-09 5.976707224924e-35 -2.136408842554e-09 6.163177418788e-33 1.362711336093e-09 5.976707224924e-35 
1.213161944192e-10 -3.285422942444e-33 -2.237154944980e-09 -2.386268841157e-35 1.213161944192e-10 -3.285422942444e-33 -2.237154944980e-09 -2.386268841157e-35 
1.977135069593e-09 1.751353530834e-33 1.600413644285e-09 -4.246888811822e-35 1.977135069593e-09 1.751353530834e-33 1.600413644285e-09 -4.246888811822e-35 
1.408743557261e-09 -9.335815782961e-34 -3.166158607665e-11 -3.851625325186e-35 1.408743557261e-09 -9.335815782961e-34 -3.166158607665e-11 -3.851625325186e-35 
-6.636771459514e-10 4.976530069828e-34 -1.371769600085e-09 -2.900367478231e-35 -6.636771459514e-10 4.976530069828e-34 -1.371769600085e-09 -2.900367478231e-35 
